  0.00000000E+00 -0.49674570E+00
  0.12691464E-01 -0.49616172E+00
  0.25382929E-01 -0.49437238E+00
  0.38074393E-01 -0.49137420E+00
  0.50765857E-01 -0.48716138E+00
  0.63457322E-01 -0.48172599E+00
  0.76148786E-01 -0.47505805E+00
  0.88840250E-01 -0.46714578E+00
  0.10153171E+00 -0.45797581E+00
  0.11422318E+00 -0.44753351E+00
  0.12691464E+00 -0.43580327E+00
  0.13960611E+00 -0.42276888E+00
  0.15229757E+00 -0.40841393E+00
  0.16498904E+00 -0.39272220E+00
  0.17768050E+00 -0.37567809E+00
  0.19037197E+00 -0.35726704E+00
  0.20306343E+00 -0.33747594E+00
  0.21575489E+00 -0.31629355E+00
  0.22844636E+00 -0.29371086E+00
  0.24113782E+00 -0.26972141E+00
  0.25382929E+00 -0.24432160E+00
  0.26652075E+00 -0.21751093E+00
  0.27921222E+00 -0.18929213E+00
  0.29190368E+00 -0.15967126E+00
  0.30459514E+00 -0.12865777E+00
  0.31728661E+00 -0.96264401E-01
  0.32997807E+00 -0.62507045E-01
  0.34266954E+00 -0.27404558E-01
  0.35536100E+00  0.90215494E-02
  0.36805247E+00  0.46747465E-01
  0.38074393E+00  0.85747485E-01
  0.39343539E+00  0.12599448E+00
  0.40612686E+00  0.16746041E+00
  0.41881832E+00  0.21011683E+00
  0.43150979E+00  0.25393543E+00
  0.44420125E+00  0.29888862E+00
  0.45689272E+00  0.34494997E+00
  0.46958418E+00  0.39209482E+00
  0.48227565E+00  0.44030065E+00
  0.49496711E+00  0.48954752E+00
  0.50765857E+00  0.53981847E+00
  0.52035004E+00  0.59109974E+00
  0.53304150E+00  0.64338108E+00
  0.54573297E+00  0.69665580E+00
  0.55842443E+00  0.75092096E+00
  0.57111590E+00  0.80617725E+00
  0.58380736E+00  0.86242902E+00
  0.59649882E+00  0.91968408E+00
  0.60919029E+00  0.97795348E+00
  0.62188175E+00  0.10372513E+01
  0.63457322E+00  0.10975941E+01
  0.64726468E+00  0.11590008E+01
  0.65995615E+00  0.12214922E+01
  0.67264761E+00  0.12850900E+01
  0.68533907E+00  0.13498171E+01
  0.69803054E+00  0.14156961E+01
  0.71072200E+00  0.14827493E+01
  0.72341347E+00  0.15509978E+01
  0.73610493E+00  0.16204607E+01
  0.74879640E+00  0.16911545E+01
  0.76148786E+00  0.17630924E+01
  0.77417933E+00  0.18362830E+01
  0.78687079E+00  0.19107300E+01
  0.79956225E+00  0.19864311E+01
  0.81225372E+00  0.20633771E+01
  0.82494518E+00  0.21415510E+01
  0.83763665E+00  0.22209270E+01
  0.85032811E+00  0.23014697E+01
  0.86301958E+00  0.23831332E+01
  0.87571104E+00  0.24658603E+01
  0.88840250E+00  0.25495813E+01
  0.90109397E+00  0.26342137E+01
  0.91378543E+00  0.27196610E+01
  0.92647690E+00  0.28058123E+01
  0.93916836E+00  0.28925415E+01
  0.95185983E+00  0.29797070E+01
  0.96455129E+00  0.30671511E+01
  0.97724275E+00  0.31546992E+01
  0.98993422E+00  0.32421602E+01
  0.10026257E+01  0.33293254E+01
  0.10153171E+01  0.34159688E+01
  0.10280086E+01  0.35018463E+01
  0.10407001E+01  0.35866955E+01
  0.10533915E+01  0.36702356E+01
  0.10660830E+01  0.37521663E+01
  0.10787745E+01  0.38321682E+01
  0.10914659E+01  0.39099016E+01
  0.11041574E+01  0.39850068E+01
  0.11168489E+01  0.40571036E+01
  0.11295403E+01  0.41257921E+01
  0.11422318E+01  0.41906539E+01
  0.11549233E+01  0.42512544E+01
  0.11676147E+01  0.43071470E+01
  0.11803062E+01  0.43578791E+01
  0.11929976E+01  0.44030004E+01
  0.12056891E+01  0.44420747E+01
  0.12183806E+01  0.44746924E+01
  0.12310720E+01  0.45004868E+01
  0.12437635E+01  0.45191503E+01
  0.12564550E+01  0.45304492E+01
  0.12691464E+01  0.45342376E+01
  0.12818379E+01  0.45343414E+01
  0.12945294E+01  0.45346113E+01
  0.13072208E+01  0.45350481E+01
  0.13199123E+01  0.45356534E+01
  0.13326038E+01  0.45364292E+01
  0.13452952E+01  0.45373781E+01
  0.13579867E+01  0.45385027E+01
  0.13706781E+01  0.45398057E+01
  0.13833696E+01  0.45412893E+01
  0.13960611E+01  0.45429551E+01
  0.14087525E+01  0.45448035E+01
  0.14214440E+01  0.45468340E+01
  0.14341355E+01  0.45490444E+01
  0.14468269E+01  0.45514309E+01
  0.14595184E+01  0.45539879E+01
  0.14722099E+01  0.45567077E+01
  0.14849013E+01  0.45595810E+01
  0.14975928E+01  0.45625965E+01
  0.15102843E+01  0.45657410E+01
  0.15229757E+01  0.45689998E+01
  0.15356672E+01  0.45723567E+01
  0.15483587E+01  0.45757944E+01
  0.15610501E+01  0.45792947E+01
  0.15737416E+01  0.45828388E+01
  0.15864330E+01  0.45864075E+01
  0.15991245E+01  0.45899815E+01
  0.16118160E+01  0.45935421E+01
  0.16245074E+01  0.45970707E+01
  0.16371989E+01  0.46005496E+01
  0.16498904E+01  0.46039619E+01
  0.16625818E+01  0.46072920E+01
  0.16752733E+01  0.46105250E+01
  0.16879648E+01  0.46136474E+01
  0.17006562E+01  0.46166471E+01
  0.17133477E+01  0.46195128E+01
  0.17260392E+01  0.46222347E+01
  0.17387306E+01  0.46248040E+01
  0.17514221E+01  0.46272128E+01
  0.17641135E+01  0.46294542E+01
  0.17768050E+01  0.46315224E+01
  0.17894965E+01  0.46334121E+01
  0.18021879E+01  0.46351188E+01
  0.18148794E+01  0.46366384E+01
  0.18275709E+01  0.46379677E+01
  0.18402623E+01  0.46391037E+01
  0.18529538E+01  0.46400439E+01
  0.18656453E+01  0.46407862E+01
  0.18783367E+01  0.46413289E+01
  0.18910282E+01  0.46416704E+01
  0.19037197E+01  0.46418097E+01
  0.19163594E+01  0.46406396E+01
  0.19289991E+01  0.46371165E+01
  0.19416389E+01  0.46312544E+01
  0.19542786E+01  0.46230768E+01
  0.19669184E+01  0.46126172E+01
  0.19795581E+01  0.45999194E+01
  0.19921979E+01  0.45850376E+01
  0.20048376E+01  0.45680377E+01
  0.20174774E+01  0.45489963E+01
  0.20301171E+01  0.45280015E+01
  0.20427569E+01  0.45051523E+01
  0.20553966E+01  0.44805581E+01
  0.20680364E+01  0.44543377E+01
  0.20806761E+01  0.44266180E+01
  0.20933159E+01  0.43975330E+01
  0.21059556E+01  0.43672215E+01
  0.21185954E+01  0.43358255E+01
  0.21312351E+01  0.43034883E+01
  0.21438748E+01  0.42703527E+01
  0.21565146E+01  0.42365587E+01
  0.21691543E+01  0.42022421E+01
  0.21817941E+01  0.41675330E+01
  0.21944338E+01  0.41325542E+01
  0.22070736E+01  0.40974204E+01
  0.22197133E+01  0.40622376E+01
  0.22323531E+01  0.40271024E+01
  0.22449928E+01  0.39921021E+01
  0.22576326E+01  0.39573147E+01
  0.22702723E+01  0.39228091E+01
  0.22829121E+01  0.38886463E+01
  0.22955518E+01  0.38548794E+01
  0.23081916E+01  0.38215548E+01
  0.23208313E+01  0.37887132E+01
  0.23334711E+01  0.37563903E+01
  0.23461108E+01  0.37246182E+01
  0.23587506E+01  0.36934255E+01
  0.23713903E+01  0.36628390E+01
  0.23840300E+01  0.36328840E+01
  0.23966698E+01  0.36035848E+01
  0.24093095E+01  0.35749656E+01
  0.24219493E+01  0.35470502E+01
  0.24345890E+01  0.35198632E+01
  0.24472288E+01  0.34934290E+01
  0.24598685E+01  0.34677725E+01
  0.24725083E+01  0.34429188E+01
  0.24851480E+01  0.34188927E+01
  0.24977878E+01  0.33957187E+01
  0.25104275E+01  0.33734205E+01
  0.25230673E+01  0.33520208E+01
  0.25357070E+01  0.33315404E+01
  0.25483468E+01  0.33119985E+01
  0.25609865E+01  0.32934117E+01
  0.25736263E+01  0.32757942E+01
  0.25862660E+01  0.32591573E+01
  0.25989057E+01  0.32435094E+01
  0.26115455E+01  0.32288555E+01
  0.26241852E+01  0.32151981E+01
  0.26368250E+01  0.32025363E+01
  0.26494647E+01  0.31908669E+01
  0.26621045E+01  0.31801841E+01
  0.26747442E+01  0.31704800E+01
  0.26873840E+01  0.31617453E+01
  0.27000237E+01  0.31539695E+01
  0.27126635E+01  0.31471412E+01
  0.27253032E+01  0.31412494E+01
  0.27379430E+01  0.31362830E+01
  0.27505827E+01  0.31322319E+01
  0.27632225E+01  0.31290873E+01
  0.27758622E+01  0.31268421E+01
  0.27885020E+01  0.31254910E+01
  0.28011417E+01  0.31250308E+01
  0.28137752E+01  0.31219017E+01
  0.28264087E+01  0.31126061E+01
  0.28390422E+01  0.30972647E+01
  0.28516756E+01  0.30760710E+01
  0.28643091E+01  0.30492811E+01
  0.28769426E+01  0.30172020E+01
  0.28895761E+01  0.29801781E+01
  0.29022096E+01  0.29385782E+01
  0.29148431E+01  0.28927838E+01
  0.29274765E+01  0.28431790E+01
  0.29401100E+01  0.27901421E+01
  0.29527435E+01  0.27340399E+01
  0.29653770E+01  0.26752236E+01
  0.29780105E+01  0.26140259E+01
  0.29906440E+01  0.25507604E+01
  0.30032774E+01  0.24857210E+01
  0.30159109E+01  0.24191828E+01
  0.30285444E+01  0.23514025E+01
  0.30411779E+01  0.22826201E+01
  0.30538114E+01  0.22130597E+01
  0.30664449E+01  0.21429309E+01
  0.30790783E+01  0.20724295E+01
  0.30917118E+01  0.20017386E+01
  0.31043453E+01  0.19310292E+01
  0.31169788E+01  0.18604603E+01
  0.31296123E+01  0.17901793E+01
  0.31422458E+01  0.17203222E+01
  0.31548792E+01  0.16510136E+01
  0.31675127E+01  0.15823661E+01
  0.31801462E+01  0.15144809E+01
  0.31927797E+01  0.14474471E+01
  0.32054132E+01  0.13813420E+01
  0.32180467E+01  0.13162312E+01
  0.32306801E+01  0.12521685E+01
  0.32433136E+01  0.11891964E+01
  0.32559471E+01  0.11273468E+01
  0.32685806E+01  0.10666414E+01
  0.32812141E+01  0.10070925E+01
  0.32938476E+01  0.94870434E+00
  0.33064810E+01  0.89147370E+00
  0.33191145E+01  0.83539153E+00
  0.33317480E+01  0.78044405E+00
  0.33443815E+01  0.72661410E+00
  0.33570150E+01  0.67388246E+00
  0.33696485E+01  0.62222917E+00
  0.33822819E+01  0.57163473E+00
  0.33949154E+01  0.52208128E+00
  0.34075489E+01  0.47355355E+00
  0.34201824E+01  0.42603972E+00
  0.34328159E+01  0.37953213E+00
  0.34454494E+01  0.33402774E+00
  0.34580828E+01  0.28952844E+00
  0.34707163E+01  0.24604115E+00
  0.34833498E+01  0.20357774E+00
  0.34959833E+01  0.16215474E+00
  0.35086168E+01  0.12179297E+00
  0.35212503E+01  0.82516890E-01
  0.35338837E+01  0.44354013E-01
  0.35465172E+01  0.73340638E-02
  0.35591507E+01 -0.28511822E-01
  0.35717842E+01 -0.63151961E-01
  0.35844177E+01 -0.96554974E-01
  0.35970512E+01 -0.12869062E+00
  0.36096846E+01 -0.15953056E+00
  0.36223181E+01 -0.18904906E+00
  0.36349516E+01 -0.21722356E+00
  0.36475851E+01 -0.24403516E+00
  0.36602186E+01 -0.26946901E+00
  0.36728521E+01 -0.29351447E+00
  0.36854855E+01 -0.31616523E+00
  0.36981190E+01 -0.33741927E+00
  0.37107525E+01 -0.35727870E+00
  0.37233860E+01 -0.37574945E+00
  0.37360195E+01 -0.39284094E+00
  0.37486530E+01 -0.40856558E+00
  0.37612864E+01 -0.42293825E+00
  0.37739199E+01 -0.43597572E+00
  0.37865534E+01 -0.44769605E+00
  0.37991869E+01 -0.45811794E+00
  0.38118204E+01 -0.46726012E+00
  0.38244539E+01 -0.47514077E+00
  0.38370873E+01 -0.48177690E+00
  0.38497208E+01 -0.48718388E+00
  0.38623543E+01 -0.49137495E+00
  0.38749878E+01 -0.49436085E+00
  0.38876213E+01 -0.49614948E+00
  0.39002548E+01 -0.49674570E+00
  0.39129841E+01 -0.49612762E+00
  0.39257135E+01 -0.49429925E+00
  0.39384429E+01 -0.49125565E+00
  0.39511723E+01 -0.48698901E+00
  0.39639017E+01 -0.48148899E+00
  0.39766311E+01 -0.47474308E+00
  0.39893605E+01 -0.46673710E+00
  0.40020899E+01 -0.45745578E+00
  0.40148193E+01 -0.44688332E+00
  0.40275487E+01 -0.43500400E+00
  0.40402781E+01 -0.42180284E+00
  0.40530074E+01 -0.40726614E+00
  0.40657368E+01 -0.39138207E+00
  0.40784662E+01 -0.37414108E+00
  0.40911956E+01 -0.35553635E+00
  0.41039250E+01 -0.33556403E+00
  0.41166544E+01 -0.31422342E+00
  0.41293838E+01 -0.29151698E+00
  0.41421132E+01 -0.26745030E+00
  0.41548426E+01 -0.24203185E+00
  0.41675720E+01 -0.21527266E+00
  0.41803014E+01 -0.18718590E+00
  0.41930307E+01 -0.15778637E+00
  0.42057601E+01 -0.12708989E+00
  0.42184895E+01 -0.95112709E-01
  0.42312189E+01 -0.61870808E-01
  0.42439483E+01 -0.27379304E-01
  0.42566777E+01  0.83481810E-02
  0.42694071E+01  0.45300056E-01
  0.42821365E+01  0.83467221E-01
  0.42948659E+01  0.12284342E+00
  0.43075953E+01  0.16342544E+00
  0.43203247E+01  0.20521322E+00
  0.43330540E+01  0.24820975E+00
  0.43457834E+01  0.29242083E+00
  0.43585128E+01  0.33785466E+00
  0.43712422E+01  0.38452134E+00
  0.43839716E+01  0.43243211E+00
  0.43967010E+01  0.48159857E+00
  0.44094304E+01  0.53203176E+00
  0.44221598E+01  0.58374118E+00
  0.44348892E+01  0.63673377E+00
  0.44476186E+01  0.69101289E+00
  0.44603480E+01  0.74657736E+00
  0.44730773E+01  0.80342055E+00
  0.44858067E+01  0.86152959E+00
  0.44985361E+01  0.92088479E+00
  0.45112655E+01  0.98145916E+00
  0.45239949E+01  0.10432182E+01
  0.45367243E+01  0.11061199E+01
  0.45494537E+01  0.11701151E+01
  0.45621831E+01  0.12351476E+01
  0.45749125E+01  0.13011553E+01
  0.45876419E+01  0.13680711E+01
  0.46003713E+01  0.14358235E+01
  0.46131006E+01  0.15043385E+01
  0.46258300E+01  0.15735404E+01
  0.46385594E+01  0.16433536E+01
  0.46512888E+01  0.17137036E+01
  0.46640182E+01  0.17845185E+01
  0.46767476E+01  0.18557303E+01
  0.46894770E+01  0.19272758E+01
  0.47022064E+01  0.19990973E+01
  0.47149358E+01  0.20711431E+01
  0.47276652E+01  0.21433679E+01
  0.47403945E+01  0.22157328E+01
  0.47531239E+01  0.22882043E+01
  0.47658533E+01  0.23607541E+01
  0.47785827E+01  0.24333577E+01
  0.47913121E+01  0.25059928E+01
  0.48040415E+01  0.25786381E+01
  0.48167709E+01  0.26512707E+01
  0.48295003E+01  0.27238643E+01
  0.48422297E+01  0.27963871E+01
  0.48549591E+01  0.28687994E+01
  0.48676885E+01  0.29410514E+01
  0.48804178E+01  0.30130814E+01
  0.48931472E+01  0.30848142E+01
  0.49058766E+01  0.31561598E+01
  0.49186060E+01  0.32270127E+01
  0.49313354E+01  0.32972519E+01
  0.49440648E+01  0.33667411E+01
  0.49567942E+01  0.34353305E+01
  0.49695236E+01  0.35028583E+01
  0.49822530E+01  0.35691539E+01
  0.49949824E+01  0.36340404E+01
  0.50077118E+01  0.36973391E+01
  0.50204411E+01  0.37588733E+01
  0.50331705E+01  0.38184727E+01
  0.50458999E+01  0.38759771E+01
  0.50586293E+01  0.39312411E+01
  0.50713587E+01  0.39841369E+01
  0.50840881E+01  0.40345575E+01
  0.50968175E+01  0.40824184E+01
  0.51095469E+01  0.41276589E+01
  0.51222763E+01  0.41702424E+01
  0.51350057E+01  0.42101559E+01
  0.51477351E+01  0.42474085E+01
  0.51604644E+01  0.42820296E+01
  0.51731938E+01  0.43140668E+01
  0.51859232E+01  0.43435833E+01
  0.51986526E+01  0.43706549E+01
  0.52113820E+01  0.43953680E+01
  0.52241114E+01  0.44178166E+01
  0.52368408E+01  0.44381007E+01
  0.52495702E+01  0.44563240E+01
  0.52622996E+01  0.44725930E+01
  0.52750290E+01  0.44870153E+01
  0.52877584E+01  0.44996992E+01
  0.53004877E+01  0.45107529E+01
  0.53132171E+01  0.45202840E+01
  0.53259465E+01  0.45283998E+01
  0.53386759E+01  0.45352066E+01
  0.53514053E+01  0.45408097E+01
  0.53641347E+01  0.45453133E+01
  0.53768641E+01  0.45488202E+01
  0.53895935E+01  0.45514315E+01
  0.54023229E+01  0.45532462E+01
  0.54150523E+01  0.45543604E+01
  0.54277817E+01  0.45548674E+01
  0.54405110E+01  0.45548563E+01
  0.54532404E+01  0.45544118E+01
  0.54659698E+01  0.45536138E+01
  0.54786992E+01  0.45525363E+01
  0.54914286E+01  0.45512476E+01
  0.55041580E+01  0.45498095E+01
  0.55168874E+01  0.45482773E+01
  0.55296168E+01  0.45466998E+01
  0.55423462E+01  0.45451193E+01
  0.55550756E+01  0.45435719E+01
  0.55678050E+01  0.45420878E+01
  0.55805343E+01  0.45406919E+01
  0.55932637E+01  0.45394039E+01
  0.56059931E+01  0.45382395E+01
  0.56187225E+01  0.45372107E+01
  0.56314519E+01  0.45363263E+01
  0.56441813E+01  0.45355927E+01
  0.56569107E+01  0.45350144E+01
  0.56696401E+01  0.45345945E+01
  0.56823695E+01  0.45343352E+01
  0.56950989E+01  0.45342376E+01
  
  0.00000000E+00  0.18676661E+02
  0.12691464E-01  0.18673167E+02
  0.25382929E-01  0.18663132E+02
  0.38074393E-01  0.18646536E+02
  0.50765857E-01  0.18623401E+02
  0.63457322E-01  0.18593778E+02
  0.76148786E-01  0.18557739E+02
  0.88840250E-01  0.18515371E+02
  0.10153171E+00  0.18466780E+02
  0.11422318E+00  0.18412085E+02
  0.12691464E+00  0.18351422E+02
  0.13960611E+00  0.18284944E+02
  0.15229757E+00  0.18212817E+02
  0.16498904E+00  0.18135226E+02
  0.17768050E+00  0.18052366E+02
  0.19037197E+00  0.17964450E+02
  0.20306343E+00  0.17871702E+02
  0.21575489E+00  0.17774359E+02
  0.22844636E+00  0.17672669E+02
  0.24113782E+00  0.17566890E+02
  0.25382929E+00  0.17457285E+02
  0.26652075E+00  0.17344126E+02
  0.27921222E+00  0.17227688E+02
  0.29190368E+00  0.17108247E+02
  0.30459514E+00  0.16986080E+02
  0.31728661E+00  0.16861460E+02
  0.32997807E+00  0.16734657E+02
  0.34266954E+00  0.16605932E+02
  0.35536100E+00  0.16475540E+02
  0.36805247E+00  0.16343723E+02
  0.38074393E+00  0.16210713E+02
  0.39343539E+00  0.16076725E+02
  0.40612686E+00  0.15941961E+02
  0.41881832E+00  0.15806607E+02
  0.43150979E+00  0.15670831E+02
  0.44420125E+00  0.15534783E+02
  0.45689272E+00  0.15398595E+02
  0.46958418E+00  0.15262383E+02
  0.48227565E+00  0.15126243E+02
  0.49496711E+00  0.14990254E+02
  0.50765857E+00  0.14854477E+02
  0.52035004E+00  0.14718959E+02
  0.53304150E+00  0.14583730E+02
  0.54573297E+00  0.14448805E+02
  0.55842443E+00  0.14314187E+02
  0.57111590E+00  0.14179867E+02
  0.58380736E+00  0.14045822E+02
  0.59649882E+00  0.13912024E+02
  0.60919029E+00  0.13778433E+02
  0.62188175E+00  0.13645004E+02
  0.63457322E+00  0.13511685E+02
  0.64726468E+00  0.13378421E+02
  0.65995615E+00  0.13245155E+02
  0.67264761E+00  0.13111826E+02
  0.68533907E+00  0.12978376E+02
  0.69803054E+00  0.12844747E+02
  0.71072200E+00  0.12710884E+02
  0.72341347E+00  0.12576738E+02
  0.73610493E+00  0.12442264E+02
  0.74879640E+00  0.12307427E+02
  0.76148786E+00  0.12172200E+02
  0.77417933E+00  0.12036567E+02
  0.78687079E+00  0.11900522E+02
  0.79956225E+00  0.11764075E+02
  0.81225372E+00  0.11627250E+02
  0.82494518E+00  0.11490085E+02
  0.83763665E+00  0.11352637E+02
  0.85032811E+00  0.11214980E+02
  0.86301958E+00  0.11077205E+02
  0.87571104E+00  0.10939423E+02
  0.88840250E+00  0.10801763E+02
  0.90109397E+00  0.10664373E+02
  0.91378543E+00  0.10527421E+02
  0.92647690E+00  0.10391092E+02
  0.93916836E+00  0.10255588E+02
  0.95185983E+00  0.10121128E+02
  0.96455129E+00  0.99879487E+01
  0.97724275E+00  0.98562987E+01
  0.98993422E+00  0.97264419E+01
  0.10026257E+01  0.95986542E+01
  0.10153171E+01  0.94732232E+01
  0.10280086E+01  0.93504472E+01
  0.10407001E+01  0.92306347E+01
  0.10533915E+01  0.91141037E+01
  0.10660830E+01  0.90011824E+01
  0.10787745E+01  0.88922084E+01
  0.10914659E+01  0.87875302E+01
  0.11041574E+01  0.86875069E+01
  0.11168489E+01  0.85925096E+01
  0.11295403E+01  0.85029214E+01
  0.11422318E+01  0.84191373E+01
  0.11549233E+01  0.83415634E+01
  0.11676147E+01  0.82706136E+01
  0.11803062E+01  0.82067058E+01
  0.11929976E+01  0.81502546E+01
  0.12056891E+01  0.81016619E+01
  0.12183806E+01  0.80613048E+01
  0.12310720E+01  0.80295216E+01
  0.12437635E+01  0.80065966E+01
  0.12564550E+01  0.79927457E+01
  0.12691464E+01  0.79881045E+01
  0.12818379E+01  0.79886893E+01
  0.12945294E+01  0.79906111E+01
  0.13072208E+01  0.79938841E+01
  0.13199123E+01  0.79985310E+01
  0.13326038E+01  0.80045826E+01
  0.13452952E+01  0.80120769E+01
  0.13579867E+01  0.80210579E+01
  0.13706781E+01  0.80315745E+01
  0.13833696E+01  0.80436792E+01
  0.13960611E+01  0.80574263E+01
  0.14087525E+01  0.80728707E+01
  0.14214440E+01  0.80900660E+01
  0.14341355E+01  0.81090629E+01
  0.14468269E+01  0.81299079E+01
  0.14595184E+01  0.81526412E+01
  0.14722099E+01  0.81772959E+01
  0.14849013E+01  0.82038968E+01
  0.14975928E+01  0.82324588E+01
  0.15102843E+01  0.82629867E+01
  0.15229757E+01  0.82954743E+01
  0.15356672E+01  0.83299043E+01
  0.15483587E+01  0.83662482E+01
  0.15610501E+01  0.84044662E+01
  0.15737416E+01  0.84445082E+01
  0.15864330E+01  0.84863142E+01
  0.15991245E+01  0.85298153E+01
  0.16118160E+01  0.85749348E+01
  0.16245074E+01  0.86215898E+01
  0.16371989E+01  0.86696924E+01
  0.16498904E+01  0.87191515E+01
  0.16625818E+01  0.87698742E+01
  0.16752733E+01  0.88217678E+01
  0.16879648E+01  0.88747415E+01
  0.17006562E+01  0.89287080E+01
  0.17133477E+01  0.89835850E+01
  0.17260392E+01  0.90392969E+01
  0.17387306E+01  0.90957758E+01
  0.17514221E+01  0.91529633E+01
  0.17641135E+01  0.92108107E+01
  0.17768050E+01  0.92692806E+01
  0.17894965E+01  0.93283468E+01
  0.18021879E+01  0.93879948E+01
  0.18148794E+01  0.94482220E+01
  0.18275709E+01  0.95090375E+01
  0.18402623E+01  0.95704615E+01
  0.18529538E+01  0.96325248E+01
  0.18656453E+01  0.96952679E+01
  0.18783367E+01  0.97587401E+01
  0.18910282E+01  0.98229978E+01
  0.19037197E+01  0.98881037E+01
  0.19163594E+01  0.98836886E+01
  0.19289991E+01  0.98706416E+01
  0.19416389E+01  0.98494370E+01
  0.19542786E+01  0.98207811E+01
  0.19669184E+01  0.97855172E+01
  0.19795581E+01  0.97445349E+01
  0.19921979E+01  0.96987004E+01
  0.20048376E+01  0.96488110E+01
  0.20174774E+01  0.95955729E+01
  0.20301171E+01  0.95395958E+01
  0.20427569E+01  0.94813964E+01
  0.20553966E+01  0.94214085E+01
  0.20680364E+01  0.93599944E+01
  0.20806761E+01  0.92974569E+01
  0.20933159E+01  0.92340499E+01
  0.21059556E+01  0.91699881E+01
  0.21185954E+01  0.91054553E+01
  0.21312351E+01  0.90406110E+01
  0.21438748E+01  0.89755962E+01
  0.21565146E+01  0.89105375E+01
  0.21691543E+01  0.88455513E+01
  0.21817941E+01  0.87807460E+01
  0.21944338E+01  0.87162241E+01
  0.22070736E+01  0.86520844E+01
  0.22197133E+01  0.85884223E+01
  0.22323531E+01  0.85253311E+01
  0.22449928E+01  0.84629020E+01
  0.22576326E+01  0.84012244E+01
  0.22702723E+01  0.83403857E+01
  0.22829121E+01  0.82804710E+01
  0.22955518E+01  0.82215631E+01
  0.23081916E+01  0.81637412E+01
  0.23208313E+01  0.81070811E+01
  0.23334711E+01  0.80516542E+01
  0.23461108E+01  0.79975271E+01
  0.23587506E+01  0.79447606E+01
  0.23713903E+01  0.78934098E+01
  0.23840300E+01  0.78435231E+01
  0.23966698E+01  0.77951422E+01
  0.24093095E+01  0.77483016E+01
  0.24219493E+01  0.77030285E+01
  0.24345890E+01  0.76593433E+01
  0.24472288E+01  0.76172589E+01
  0.24598685E+01  0.75767820E+01
  0.24725083E+01  0.75379130E+01
  0.24851480E+01  0.75006467E+01
  0.24977878E+01  0.74649735E+01
  0.25104275E+01  0.74308794E+01
  0.25230673E+01  0.73983479E+01
  0.25357070E+01  0.73673600E+01
  0.25483468E+01  0.73378959E+01
  0.25609865E+01  0.73099354E+01
  0.25736263E+01  0.72834588E+01
  0.25862660E+01  0.72584480E+01
  0.25989057E+01  0.72348865E+01
  0.26115455E+01  0.72127603E+01
  0.26241852E+01  0.71920582E+01
  0.26368250E+01  0.71727718E+01
  0.26494647E+01  0.71548955E+01
  0.26621045E+01  0.71384267E+01
  0.26747442E+01  0.71233651E+01
  0.26873840E+01  0.71097130E+01
  0.27000237E+01  0.70974742E+01
  0.27126635E+01  0.70866542E+01
  0.27253032E+01  0.70772590E+01
  0.27379430E+01  0.70692955E+01
  0.27505827E+01  0.70627700E+01
  0.27632225E+01  0.70576886E+01
  0.27758622E+01  0.70540565E+01
  0.27885020E+01  0.70518773E+01
  0.28011417E+01  0.70511536E+01
  0.28137752E+01  0.70555456E+01
  0.28264087E+01  0.70686981E+01
  0.28390422E+01  0.70904967E+01
  0.28516756E+01  0.71207577E+01
  0.28643091E+01  0.71592380E+01
  0.28769426E+01  0.72056480E+01
  0.28895761E+01  0.72596637E+01
  0.29022096E+01  0.73209405E+01
  0.29148431E+01  0.73891245E+01
  0.29274765E+01  0.74638623E+01
  0.29401100E+01  0.75448088E+01
  0.29527435E+01  0.76316324E+01
  0.29653770E+01  0.77240185E+01
  0.29780105E+01  0.78216711E+01
  0.29906440E+01  0.79243123E+01
  0.30032774E+01  0.80316814E+01
  0.30159109E+01  0.81435330E+01
  0.30285444E+01  0.82596344E+01
  0.30411779E+01  0.83797626E+01
  0.30538114E+01  0.85037016E+01
  0.30664449E+01  0.86312397E+01
  0.30790783E+01  0.87621672E+01
  0.30917118E+01  0.88962741E+01
  0.31043453E+01  0.90333489E+01
  0.31169788E+01  0.91731776E+01
  0.31296123E+01  0.93155433E+01
  0.31422458E+01  0.94602268E+01
  0.31548792E+01  0.96070073E+01
  0.31675127E+01  0.97556640E+01
  0.31801462E+01  0.99059784E+01
  0.31927797E+01  0.10057737E+02
  0.32054132E+01  0.10210733E+02
  0.32180467E+01  0.10364773E+02
  0.32306801E+01  0.10519676E+02
  0.32433136E+01  0.10675281E+02
  0.32559471E+01  0.10831447E+02
  0.32685806E+01  0.10988059E+02
  0.32812141E+01  0.11145030E+02
  0.32938476E+01  0.11302305E+02
  0.33064810E+01  0.11459858E+02
  0.33191145E+01  0.11617699E+02
  0.33317480E+01  0.11775871E+02
  0.33443815E+01  0.11934452E+02
  0.33570150E+01  0.12093550E+02
  0.33696485E+01  0.12253303E+02
  0.33822819E+01  0.12413876E+02
  0.33949154E+01  0.12575456E+02
  0.34075489E+01  0.12738247E+02
  0.34201824E+01  0.12902464E+02
  0.34328159E+01  0.13068325E+02
  0.34454494E+01  0.13236046E+02
  0.34580828E+01  0.13405832E+02
  0.34707163E+01  0.13577870E+02
  0.34833498E+01  0.13752319E+02
  0.34959833E+01  0.13929305E+02
  0.35086168E+01  0.14108908E+02
  0.35212503E+01  0.14291163E+02
  0.35338837E+01  0.14476043E+02
  0.35465172E+01  0.14663462E+02
  0.35591507E+01  0.14853266E+02
  0.35717842E+01  0.15045229E+02
  0.35844177E+01  0.15239048E+02
  0.35970512E+01  0.15434348E+02
  0.36096846E+01  0.15630676E+02
  0.36223181E+01  0.15827503E+02
  0.36349516E+01  0.16024229E+02
  0.36475851E+01  0.16220184E+02
  0.36602186E+01  0.16414635E+02
  0.36728521E+01  0.16606791E+02
  0.36854855E+01  0.16795813E+02
  0.36981190E+01  0.16980817E+02
  0.37107525E+01  0.17160892E+02
  0.37233860E+01  0.17335100E+02
  0.37360195E+01  0.17502497E+02
  0.37486530E+01  0.17662136E+02
  0.37612864E+01  0.17813081E+02
  0.37739199E+01  0.17954423E+02
  0.37865534E+01  0.18085282E+02
  0.37991869E+01  0.18204827E+02
  0.38118204E+01  0.18312282E+02
  0.38244539E+01  0.18406936E+02
  0.38370873E+01  0.18488154E+02
  0.38497208E+01  0.18555383E+02
  0.38623543E+01  0.18608161E+02
  0.38749878E+01  0.18646123E+02
  0.38876213E+01  0.18669002E+02
  0.39002548E+01  0.18676661E+02
  0.39129841E+01  0.18669820E+02
  0.39257135E+01  0.18649755E+02
  0.39384429E+01  0.18616608E+02
  0.39511723E+01  0.18570653E+02
  0.39639017E+01  0.18512259E+02
  0.39766311E+01  0.18441893E+02
  0.39893605E+01  0.18360105E+02
  0.40020899E+01  0.18267525E+02
  0.40148193E+01  0.18164846E+02
  0.40275487E+01  0.18052819E+02
  0.40402781E+01  0.17932236E+02
  0.40530074E+01  0.17803919E+02
  0.40657368E+01  0.17668709E+02
  0.40784662E+01  0.17527448E+02
  0.40911956E+01  0.17380975E+02
  0.41039250E+01  0.17230104E+02
  0.41166544E+01  0.17075624E+02
  0.41293838E+01  0.16918279E+02
  0.41421132E+01  0.16758767E+02
  0.41548426E+01  0.16597729E+02
  0.41675720E+01  0.16435745E+02
  0.41803014E+01  0.16273330E+02
  0.41930307E+01  0.16110930E+02
  0.42057601E+01  0.15948926E+02
  0.42184895E+01  0.15787627E+02
  0.42312189E+01  0.15627283E+02
  0.42439483E+01  0.15468080E+02
  0.42566777E+01  0.15310152E+02
  0.42694071E+01  0.15153581E+02
  0.42821365E+01  0.14998412E+02
  0.42948659E+01  0.14844655E+02
  0.43075953E+01  0.14692294E+02
  0.43203247E+01  0.14541297E+02
  0.43330540E+01  0.14391624E+02
  0.43457834E+01  0.14243231E+02
  0.43585128E+01  0.14096078E+02
  0.43712422E+01  0.13950137E+02
  0.43839716E+01  0.13805391E+02
  0.43967010E+01  0.13661841E+02
  0.44094304E+01  0.13519504E+02
  0.44221598E+01  0.13378418E+02
  0.44348892E+01  0.13238636E+02
  0.44476186E+01  0.13100231E+02
  0.44603480E+01  0.12963288E+02
  0.44730773E+01  0.12827906E+02
  0.44858067E+01  0.12694191E+02
  0.44985361E+01  0.12562259E+02
  0.45112655E+01  0.12432227E+02
  0.45239949E+01  0.12304215E+02
  0.45367243E+01  0.12178338E+02
  0.45494537E+01  0.12054710E+02
  0.45621831E+01  0.11933436E+02
  0.45749125E+01  0.11814613E+02
  0.45876419E+01  0.11698327E+02
  0.46003713E+01  0.11584653E+02
  0.46131006E+01  0.11473651E+02
  0.46258300E+01  0.11365369E+02
  0.46385594E+01  0.11259840E+02
  0.46512888E+01  0.11157084E+02
  0.46640182E+01  0.11057108E+02
  0.46767476E+01  0.10959908E+02
  0.46894770E+01  0.10865470E+02
  0.47022064E+01  0.10773774E+02
  0.47149358E+01  0.10684792E+02
  0.47276652E+01  0.10598498E+02
  0.47403945E+01  0.10514865E+02
  0.47531239E+01  0.10433872E+02
  0.47658533E+01  0.10355504E+02
  0.47785827E+01  0.10279759E+02
  0.47913121E+01  0.10206645E+02
  0.48040415E+01  0.10136189E+02
  0.48167709E+01  0.10068431E+02
  0.48295003E+01  0.10003432E+02
  0.48422297E+01  0.99412690E+01
  0.48549591E+01  0.98820387E+01
  0.48676885E+01  0.98258534E+01
  0.48804178E+01  0.97728405E+01
  0.48931472E+01  0.97231403E+01
  0.49058766E+01  0.96769030E+01
  0.49186060E+01  0.96342851E+01
  0.49313354E+01  0.95954461E+01
  0.49440648E+01  0.95605439E+01
  0.49567942E+01  0.95297316E+01
  0.49695236E+01  0.95031520E+01
  0.49822530E+01  0.94809344E+01
  0.49949824E+01  0.94631899E+01
  0.50077118E+01  0.94500077E+01
  0.50204411E+01  0.94414512E+01
  0.50331705E+01  0.94375538E+01
  0.50458999E+01  0.94383147E+01
  0.50586293E+01  0.94436912E+01
  0.50713587E+01  0.94535845E+01
  0.50840881E+01  0.94678015E+01
  0.50968175E+01  0.94859393E+01
  0.51095469E+01  0.95069172E+01
  0.51222763E+01  0.95261982E+01
  0.51350057E+01  0.95188005E+01
  0.51477351E+01  0.94667311E+01
  0.51604644E+01  0.94028542E+01
  0.51731938E+01  0.93373214E+01
  0.51859232E+01  0.92720220E+01
  0.51986526E+01  0.92075338E+01
  0.52113820E+01  0.91441167E+01
  0.52241114E+01  0.90819260E+01
  0.52368408E+01  0.90210747E+01
  0.52495702E+01  0.89616562E+01
  0.52622996E+01  0.89037525E+01
  0.52750290E+01  0.88474380E+01
  0.52877584E+01  0.87927806E+01
  0.53004877E+01  0.87398415E+01
  0.53132171E+01  0.86886754E+01
  0.53259465E+01  0.86393294E+01
  0.53386759E+01  0.85918430E+01
  0.53514053E+01  0.85462474E+01
  0.53641347E+01  0.85025654E+01
  0.53768641E+01  0.84608116E+01
  0.53895935E+01  0.84209926E+01
  0.54023229E+01  0.83831073E+01
  0.54150523E+01  0.83471478E+01
  0.54277817E+01  0.83131000E+01
  0.54405110E+01  0.82809444E+01
  0.54532404E+01  0.82506570E+01
  0.54659698E+01  0.82222100E+01
  0.54786992E+01  0.81955729E+01
  0.54914286E+01  0.81707130E+01
  0.55041580E+01  0.81475962E+01
  0.55168874E+01  0.81261877E+01
  0.55296168E+01  0.81064522E+01
  0.55423462E+01  0.80883549E+01
  0.55550756E+01  0.80718615E+01
  0.55678050E+01  0.80569385E+01
  0.55805343E+01  0.80435542E+01
  0.55932637E+01  0.80316783E+01
  0.56059931E+01  0.80212824E+01
  0.56187225E+01  0.80123405E+01
  0.56314519E+01  0.80048289E+01
  0.56441813E+01  0.79987268E+01
  0.56569107E+01  0.79940163E+01
  0.56696401E+01  0.79906827E+01
  0.56823695E+01  0.79887147E+01
  0.56950989E+01  0.79881045E+01
  
  0.00000000E+00  0.18676687E+02
  0.12691464E-01  0.18673604E+02
  0.25382929E-01  0.18664752E+02
  0.38074393E-01  0.18650180E+02
  0.50765857E-01  0.18629950E+02
  0.63457322E-01  0.18604154E+02
  0.76148786E-01  0.18572911E+02
  0.88840250E-01  0.18536377E+02
  0.10153171E+00  0.18494735E+02
  0.11422318E+00  0.18448202E+02
  0.12691464E+00  0.18397017E+02
  0.13960611E+00  0.18341440E+02
  0.15229757E+00  0.18281748E+02
  0.16498904E+00  0.18218231E+02
  0.17768050E+00  0.18151189E+02
  0.19037197E+00  0.18080929E+02
  0.20306343E+00  0.18007760E+02
  0.21575489E+00  0.17931991E+02
  0.22844636E+00  0.17853930E+02
  0.24113782E+00  0.17773875E+02
  0.25382929E+00  0.17692119E+02
  0.26652075E+00  0.17608941E+02
  0.27921222E+00  0.17524606E+02
  0.29190368E+00  0.17439365E+02
  0.30459514E+00  0.17353448E+02
  0.31728661E+00  0.17267069E+02
  0.32997807E+00  0.17180420E+02
  0.34266954E+00  0.17093675E+02
  0.35536100E+00  0.17006985E+02
  0.36805247E+00  0.16920482E+02
  0.38074393E+00  0.16834277E+02
  0.39343539E+00  0.16748465E+02
  0.40612686E+00  0.16663122E+02
  0.41881832E+00  0.16578308E+02
  0.43150979E+00  0.16494070E+02
  0.44420125E+00  0.16410442E+02
  0.45689272E+00  0.16327451E+02
  0.46958418E+00  0.16245113E+02
  0.48227565E+00  0.16163439E+02
  0.49496711E+00  0.16082439E+02
  0.50765857E+00  0.16002118E+02
  0.52035004E+00  0.15922483E+02
  0.53304150E+00  0.15843542E+02
  0.54573297E+00  0.15765307E+02
  0.55842443E+00  0.15687792E+02
  0.57111590E+00  0.15611018E+02
  0.58380736E+00  0.15535008E+02
  0.59649882E+00  0.15459792E+02
  0.60919029E+00  0.15385405E+02
  0.62188175E+00  0.15311887E+02
  0.63457322E+00  0.15239279E+02
  0.64726468E+00  0.15167444E+02
  0.65995615E+00  0.15096644E+02
  0.67264761E+00  0.15026927E+02
  0.68533907E+00  0.14958342E+02
  0.69803054E+00  0.14890934E+02
  0.71072200E+00  0.14824749E+02
  0.72341347E+00  0.14759827E+02
  0.73610493E+00  0.14696205E+02
  0.74879640E+00  0.14633917E+02
  0.76148786E+00  0.14572990E+02
  0.77417933E+00  0.14513447E+02
  0.78687079E+00  0.14455306E+02
  0.79956225E+00  0.14398580E+02
  0.81225372E+00  0.14343279E+02
  0.82494518E+00  0.14289407E+02
  0.83763665E+00  0.14236967E+02
  0.85032811E+00  0.14185958E+02
  0.86301958E+00  0.14136377E+02
  0.87571104E+00  0.14088222E+02
  0.88840250E+00  0.14041488E+02
  0.90109397E+00  0.13996173E+02
  0.91378543E+00  0.13952275E+02
  0.92647690E+00  0.13909792E+02
  0.93916836E+00  0.13868728E+02
  0.95185983E+00  0.13829084E+02
  0.96455129E+00  0.13790848E+02
  0.97724275E+00  0.13754051E+02
  0.98993422E+00  0.13718702E+02
  0.10026257E+01  0.13684812E+02
  0.10153171E+01  0.13652396E+02
  0.10280086E+01  0.13621467E+02
  0.10407001E+01  0.13592041E+02
  0.10533915E+01  0.13564134E+02
  0.10660830E+01  0.13537761E+02
  0.10787745E+01  0.13512936E+02
  0.10914659E+01  0.13489675E+02
  0.11041574E+01  0.13467989E+02
  0.11168489E+01  0.13447889E+02
  0.11295403E+01  0.13429384E+02
  0.11422318E+01  0.13412481E+02
  0.11549233E+01  0.13397187E+02
  0.11676147E+01  0.13383504E+02
  0.11803062E+01  0.13371435E+02
  0.11929976E+01  0.13360980E+02
  0.12056891E+01  0.13352140E+02
  0.12183806E+01  0.13344913E+02
  0.12310720E+01  0.13339298E+02
  0.12437635E+01  0.13335294E+02
  0.12564550E+01  0.13332900E+02
  0.12691464E+01  0.13332113E+02
  0.12818379E+01  0.13329183E+02
  0.12945294E+01  0.13320648E+02
  0.13072208E+01  0.13306477E+02
  0.13199123E+01  0.13286715E+02
  0.13326038E+01  0.13261444E+02
  0.13452952E+01  0.13230772E+02
  0.13579867E+01  0.13194833E+02
  0.13706781E+01  0.13153778E+02
  0.13833696E+01  0.13107783E+02
  0.13960611E+01  0.13057042E+02
  0.14087525E+01  0.13001767E+02
  0.14214440E+01  0.12942186E+02
  0.14341355E+01  0.12878543E+02
  0.14468269E+01  0.12811094E+02
  0.14595184E+01  0.12740108E+02
  0.14722099E+01  0.12665862E+02
  0.14849013E+01  0.12588641E+02
  0.14975928E+01  0.12508736E+02
  0.15102843E+01  0.12426440E+02
  0.15229757E+01  0.12342049E+02
  0.15356672E+01  0.12255858E+02
  0.15483587E+01  0.12168157E+02
  0.15610501E+01  0.12079233E+02
  0.15737416E+01  0.11989366E+02
  0.15864330E+01  0.11898826E+02
  0.15991245E+01  0.11807874E+02
  0.16118160E+01  0.11716757E+02
  0.16245074E+01  0.11625709E+02
  0.16371989E+01  0.11534947E+02
  0.16498904E+01  0.11444673E+02
  0.16625818E+01  0.11355071E+02
  0.16752733E+01  0.11266305E+02
  0.16879648E+01  0.11178521E+02
  0.17006562E+01  0.11091845E+02
  0.17133477E+01  0.11006383E+02
  0.17260392E+01  0.10922221E+02
  0.17387306E+01  0.10839426E+02
  0.17514221E+01  0.10758046E+02
  0.17641135E+01  0.10678110E+02
  0.17768050E+01  0.10599629E+02
  0.17894965E+01  0.10522601E+02
  0.18021879E+01  0.10447007E+02
  0.18148794E+01  0.10372814E+02
  0.18275709E+01  0.10299980E+02
  0.18402623E+01  0.10228451E+02
  0.18529538E+01  0.10158168E+02
  0.18656453E+01  0.10089063E+02
  0.18783367E+01  0.10021065E+02
  0.18910282E+01  0.99541031E+01
  0.19037197E+01  0.98881037E+01
  0.19163594E+01  0.98905394E+01
  0.19289991E+01  0.98978852E+01
  0.19416389E+01  0.99101570E+01
  0.19542786E+01  0.99273786E+01
  0.19669184E+01  0.99495800E+01
  0.19795581E+01  0.99767937E+01
  0.19921979E+01  0.10009051E+02
  0.20048376E+01  0.10046379E+02
  0.20174774E+01  0.10088794E+02
  0.20301171E+01  0.10136300E+02
  0.20427569E+01  0.10188884E+02
  0.20553966E+01  0.10246512E+02
  0.20680364E+01  0.10309127E+02
  0.20806761E+01  0.10376649E+02
  0.20933159E+01  0.10448970E+02
  0.21059556E+01  0.10525958E+02
  0.21185954E+01  0.10607456E+02
  0.21312351E+01  0.10693282E+02
  0.21438748E+01  0.10783237E+02
  0.21565146E+01  0.10877101E+02
  0.21691543E+01  0.10974642E+02
  0.21817941E+01  0.11075619E+02
  0.21944338E+01  0.11179784E+02
  0.22070736E+01  0.11286891E+02
  0.22197133E+01  0.11396695E+02
  0.22323531E+01  0.11508964E+02
  0.22449928E+01  0.11623478E+02
  0.22576326E+01  0.11740034E+02
  0.22702723E+01  0.11858454E+02
  0.22829121E+01  0.11978583E+02
  0.22955518E+01  0.12100297E+02
  0.23081916E+01  0.12223501E+02
  0.23208313E+01  0.12348132E+02
  0.23334711E+01  0.12474158E+02
  0.23461108E+01  0.12601577E+02
  0.23587506E+01  0.12730414E+02
  0.23713903E+01  0.12860718E+02
  0.23840300E+01  0.12992553E+02
  0.23966698E+01  0.13125997E+02
  0.24093095E+01  0.13261130E+02
  0.24219493E+01  0.13398027E+02
  0.24345890E+01  0.13536750E+02
  0.24472288E+01  0.13677336E+02
  0.24598685E+01  0.13819791E+02
  0.24725083E+01  0.13964079E+02
  0.24851480E+01  0.14110113E+02
  0.24977878E+01  0.14257750E+02
  0.25104275E+01  0.14406781E+02
  0.25230673E+01  0.14556928E+02
  0.25357070E+01  0.14707841E+02
  0.25483468E+01  0.14859095E+02
  0.25609865E+01  0.15010189E+02
  0.25736263E+01  0.15160549E+02
  0.25862660E+01  0.15309532E+02
  0.25989057E+01  0.15456429E+02
  0.26115455E+01  0.15600478E+02
  0.26241852E+01  0.15740864E+02
  0.26368250E+01  0.15876739E+02
  0.26494647E+01  0.16007228E+02
  0.26621045E+01  0.16131441E+02
  0.26747442E+01  0.16248492E+02
  0.26873840E+01  0.16357508E+02
  0.27000237E+01  0.16457646E+02
  0.27126635E+01  0.16548106E+02
  0.27253032E+01  0.16628145E+02
  0.27379430E+01  0.16697089E+02
  0.27505827E+01  0.16754348E+02
  0.27632225E+01  0.16799421E+02
  0.27758622E+01  0.16831912E+02
  0.27885020E+01  0.16851530E+02
  0.28011417E+01  0.16858124E+02
  0.28137752E+01  0.16858438E+02
  0.28264087E+01  0.16859796E+02
  0.28390422E+01  0.16862195E+02
  0.28516756E+01  0.16865631E+02
  0.28643091E+01  0.16870093E+02
  0.28769426E+01  0.16875567E+02
  0.28895761E+01  0.16882037E+02
  0.29022096E+01  0.16889484E+02
  0.29148431E+01  0.16897888E+02
  0.29274765E+01  0.16907227E+02
  0.29401100E+01  0.16917479E+02
  0.29527435E+01  0.16928624E+02
  0.29653770E+01  0.16940639E+02
  0.29780105E+01  0.16953508E+02
  0.29906440E+01  0.16967213E+02
  0.30032774E+01  0.16981740E+02
  0.30159109E+01  0.16997078E+02
  0.30285444E+01  0.17013218E+02
  0.30411779E+01  0.17030153E+02
  0.30538114E+01  0.17047880E+02
  0.30664449E+01  0.17066397E+02
  0.30790783E+01  0.17085628E+02
  0.30917118E+01  0.17105358E+02
  0.31043453E+01  0.17125900E+02
  0.31169788E+01  0.17147265E+02
  0.31296123E+01  0.17169459E+02
  0.31422458E+01  0.17192485E+02
  0.31548792E+01  0.17216345E+02
  0.31675127E+01  0.17241036E+02
  0.31801462E+01  0.17266548E+02
  0.31927797E+01  0.17292870E+02
  0.32054132E+01  0.17319984E+02
  0.32180467E+01  0.17347867E+02
  0.32306801E+01  0.17376494E+02
  0.32433136E+01  0.17405831E+02
  0.32559471E+01  0.17435843E+02
  0.32685806E+01  0.17466491E+02
  0.32812141E+01  0.17497732E+02
  0.32938476E+01  0.17529520E+02
  0.33064810E+01  0.17561807E+02
  0.33191145E+01  0.17594538E+02
  0.33317480E+01  0.17627638E+02
  0.33443815E+01  0.17660923E+02
  0.33570150E+01  0.17694381E+02
  0.33696485E+01  0.17728053E+02
  0.33822819E+01  0.17761903E+02
  0.33949154E+01  0.17795883E+02
  0.34075489E+01  0.17829946E+02
  0.34201824E+01  0.17864042E+02
  0.34328159E+01  0.17898123E+02
  0.34454494E+01  0.17932138E+02
  0.34580828E+01  0.17966038E+02
  0.34707163E+01  0.17999773E+02
  0.34833498E+01  0.18033289E+02
  0.34959833E+01  0.18066534E+02
  0.35086168E+01  0.18099452E+02
  0.35212503E+01  0.18131985E+02
  0.35338837E+01  0.18164074E+02
  0.35465172E+01  0.18195656E+02
  0.35591507E+01  0.18226667E+02
  0.35717842E+01  0.18257041E+02
  0.35844177E+01  0.18286712E+02
  0.35970512E+01  0.18315612E+02
  0.36096846E+01  0.18343675E+02
  0.36223181E+01  0.18370836E+02
  0.36349516E+01  0.18397036E+02
  0.36475851E+01  0.18422218E+02
  0.36602186E+01  0.18446332E+02
  0.36728521E+01  0.18469336E+02
  0.36854855E+01  0.18491191E+02
  0.36981190E+01  0.18511869E+02
  0.37107525E+01  0.18531347E+02
  0.37233860E+01  0.18549607E+02
  0.37360195E+01  0.18566639E+02
  0.37486530E+01  0.18582435E+02
  0.37612864E+01  0.18596993E+02
  0.37739199E+01  0.18610314E+02
  0.37865534E+01  0.18622403E+02
  0.37991869E+01  0.18633266E+02
  0.38118204E+01  0.18642909E+02
  0.38244539E+01  0.18651340E+02
  0.38370873E+01  0.18658565E+02
  0.38497208E+01  0.18664591E+02
  0.38623543E+01  0.18669421E+02
  0.38749878E+01  0.18673056E+02
  0.38876213E+01  0.18675495E+02
  0.39002548E+01  0.18676687E+02
  0.39129841E+01  0.18673500E+02
  0.39257135E+01  0.18664567E+02
  0.39384429E+01  0.18649922E+02
  0.39511723E+01  0.18629579E+02
  0.39639017E+01  0.18603559E+02
  0.39766311E+01  0.18571891E+02
  0.39893605E+01  0.18534610E+02
  0.40020899E+01  0.18491757E+02
  0.40148193E+01  0.18443384E+02
  0.40275487E+01  0.18389550E+02
  0.40402781E+01  0.18330324E+02
  0.40530074E+01  0.18265789E+02
  0.40657368E+01  0.18196035E+02
  0.40784662E+01  0.18121170E+02
  0.40911956E+01  0.18041313E+02
  0.41039250E+01  0.17956599E+02
  0.41166544E+01  0.17867179E+02
  0.41293838E+01  0.17773220E+02
  0.41421132E+01  0.17674904E+02
  0.41548426E+01  0.17572433E+02
  0.41675720E+01  0.17466023E+02
  0.41803014E+01  0.17355908E+02
  0.41930307E+01  0.17242336E+02
  0.42057601E+01  0.17125570E+02
  0.42184895E+01  0.17005886E+02
  0.42312189E+01  0.16883568E+02
  0.42439483E+01  0.16758912E+02
  0.42566777E+01  0.16632216E+02
  0.42694071E+01  0.16503782E+02
  0.42821365E+01  0.16373911E+02
  0.42948659E+01  0.16242898E+02
  0.43075953E+01  0.16111032E+02
  0.43203247E+01  0.15978591E+02
  0.43330540E+01  0.15845838E+02
  0.43457834E+01  0.15713020E+02
  0.43585128E+01  0.15580365E+02
  0.43712422E+01  0.15448082E+02
  0.43839716E+01  0.15316359E+02
  0.43967010E+01  0.15185362E+02
  0.44094304E+01  0.15055237E+02
  0.44221598E+01  0.14926110E+02
  0.44348892E+01  0.14798091E+02
  0.44476186E+01  0.14671269E+02
  0.44603480E+01  0.14545721E+02
  0.44730773E+01  0.14421508E+02
  0.44858067E+01  0.14298678E+02
  0.44985361E+01  0.14177270E+02
  0.45112655E+01  0.14057310E+02
  0.45239949E+01  0.13938816E+02
  0.45367243E+01  0.13821795E+02
  0.45494537E+01  0.13706248E+02
  0.45621831E+01  0.13592167E+02
  0.45749125E+01  0.13479537E+02
  0.45876419E+01  0.13368337E+02
  0.46003713E+01  0.13258540E+02
  0.46131006E+01  0.13150114E+02
  0.46258300E+01  0.13043025E+02
  0.46385594E+01  0.12937234E+02
  0.46512888E+01  0.12832701E+02
  0.46640182E+01  0.12729387E+02
  0.46767476E+01  0.12627251E+02
  0.46894770E+01  0.12526255E+02
  0.47022064E+01  0.12426362E+02
  0.47149358E+01  0.12327537E+02
  0.47276652E+01  0.12229748E+02
  0.47403945E+01  0.12132966E+02
  0.47531239E+01  0.12037164E+02
  0.47658533E+01  0.11942317E+02
  0.47785827E+01  0.11848403E+02
  0.47913121E+01  0.11755401E+02
  0.48040415E+01  0.11663293E+02
  0.48167709E+01  0.11572060E+02
  0.48295003E+01  0.11481684E+02
  0.48422297E+01  0.11392151E+02
  0.48549591E+01  0.11303444E+02
  0.48676885E+01  0.11215549E+02
  0.48804178E+01  0.11128453E+02
  0.48931472E+01  0.11042144E+02
  0.49058766E+01  0.10956612E+02
  0.49186060E+01  0.10871848E+02
  0.49313354E+01  0.10787847E+02
  0.49440648E+01  0.10704606E+02
  0.49567942E+01  0.10622125E+02
  0.49695236E+01  0.10540406E+02
  0.49822530E+01  0.10459456E+02
  0.49949824E+01  0.10379285E+02
  0.50077118E+01  0.10299908E+02
  0.50204411E+01  0.10221343E+02
  0.50331705E+01  0.10143618E+02
  0.50458999E+01  0.10066771E+02
  0.50586293E+01  0.99908560E+01
  0.50713587E+01  0.99159618E+01
  0.50840881E+01  0.98422495E+01
  0.50968175E+01  0.97700728E+01
  0.51095469E+01  0.97004490E+01
  0.51222763E+01  0.96378437E+01
  0.51350057E+01  0.96071644E+01
  0.51477351E+01  0.96263328E+01
  0.51604644E+01  0.96624228E+01
  0.51731938E+01  0.97052353E+01
  0.51859232E+01  0.97528531E+01
  0.51986526E+01  0.98046938E+01
  0.52113820E+01  0.98605183E+01
  0.52241114E+01  0.99202185E+01
  0.52368408E+01  0.99837543E+01
  0.52495702E+01  0.10051129E+02
  0.52622996E+01  0.10122374E+02
  0.52750290E+01  0.10197545E+02
  0.52877584E+01  0.10276709E+02
  0.53004877E+01  0.10359934E+02
  0.53132171E+01  0.10447287E+02
  0.53259465E+01  0.10538820E+02
  0.53386759E+01  0.10634559E+02
  0.53514053E+01  0.10734497E+02
  0.53641347E+01  0.10838582E+02
  0.53768641E+01  0.10946710E+02
  0.53895935E+01  0.11058716E+02
  0.54023229E+01  0.11174363E+02
  0.54150523E+01  0.11293343E+02
  0.54277817E+01  0.11415265E+02
  0.54405110E+01  0.11539658E+02
  0.54532404E+01  0.11665969E+02
  0.54659698E+01  0.11793563E+02
  0.54786992E+01  0.11921730E+02
  0.54914286E+01  0.12049687E+02
  0.55041580E+01  0.12176589E+02
  0.55168874E+01  0.12301538E+02
  0.55296168E+01  0.12423594E+02
  0.55423462E+01  0.12541786E+02
  0.55550756E+01  0.12655132E+02
  0.55678050E+01  0.12762649E+02
  0.55805343E+01  0.12863368E+02
  0.55932637E+01  0.12956357E+02
  0.56059931E+01  0.13040727E+02
  0.56187225E+01  0.13115656E+02
  0.56314519E+01  0.13180396E+02
  0.56441813E+01  0.13234292E+02
  0.56569107E+01  0.13276792E+02
  0.56696401E+01  0.13307454E+02
  0.56823695E+01  0.13325959E+02
  0.56950989E+01  0.13332113E+02
  
  0.00000000E+00  0.18676736E+02
  0.12691464E-01  0.18674085E+02
  0.25382929E-01  0.18665552E+02
  0.38074393E-01  0.18651223E+02
  0.50765857E-01  0.18631205E+02
  0.63457322E-01  0.18605624E+02
  0.76148786E-01  0.18574630E+02
  0.88840250E-01  0.18538397E+02
  0.10153171E+00  0.18497114E+02
  0.11422318E+00  0.18450993E+02
  0.12691464E+00  0.18400261E+02
  0.13960611E+00  0.18345167E+02
  0.15229757E+00  0.18285972E+02
  0.16498904E+00  0.18222953E+02
  0.17768050E+00  0.18156399E+02
  0.19037197E+00  0.18086604E+02
  0.20306343E+00  0.18013870E+02
  0.21575489E+00  0.17938497E+02
  0.22844636E+00  0.17860787E+02
  0.24113782E+00  0.17781034E+02
  0.25382929E+00  0.17699526E+02
  0.26652075E+00  0.17616541E+02
  0.27921222E+00  0.17532343E+02
  0.29190368E+00  0.17447181E+02
  0.30459514E+00  0.17361289E+02
  0.31728661E+00  0.17274882E+02
  0.32997807E+00  0.17188153E+02
  0.34266954E+00  0.17101279E+02
  0.35536100E+00  0.17014416E+02
  0.36805247E+00  0.16927697E+02
  0.38074393E+00  0.16841240E+02
  0.39343539E+00  0.16755141E+02
  0.40612686E+00  0.16669481E+02
  0.41881832E+00  0.16584325E+02
  0.43150979E+00  0.16499723E+02
  0.44420125E+00  0.16415714E+02
  0.45689272E+00  0.16332327E+02
  0.46958418E+00  0.16249583E+02
  0.48227565E+00  0.16167499E+02
  0.49496711E+00  0.16086085E+02
  0.50765857E+00  0.16005354E+02
  0.52035004E+00  0.15925314E+02
  0.53304150E+00  0.15845979E+02
  0.54573297E+00  0.15767362E+02
  0.55842443E+00  0.15689483E+02
  0.57111590E+00  0.15612364E+02
  0.58380736E+00  0.15536031E+02
  0.59649882E+00  0.15460518E+02
  0.60919029E+00  0.15385861E+02
  0.62188175E+00  0.15312100E+02
  0.63457322E+00  0.15239279E+02
  0.64726468E+00  0.15167628E+02
  0.65995615E+00  0.15096982E+02
  0.67264761E+00  0.15027390E+02
  0.68533907E+00  0.14958903E+02
  0.69803054E+00  0.14891567E+02
  0.71072200E+00  0.14825429E+02
  0.72341347E+00  0.14760532E+02
  0.73610493E+00  0.14696917E+02
  0.74879640E+00  0.14634618E+02
  0.76148786E+00  0.14573666E+02
  0.77417933E+00  0.14514086E+02
  0.78687079E+00  0.14455900E+02
  0.79956225E+00  0.14399122E+02
  0.81225372E+00  0.14343765E+02
  0.82494518E+00  0.14289835E+02
  0.83763665E+00  0.14237337E+02
  0.85032811E+00  0.14186271E+02
  0.86301958E+00  0.14136636E+02
  0.87571104E+00  0.14088430E+02
  0.88840250E+00  0.14041650E+02
  0.90109397E+00  0.13996293E+02
  0.91378543E+00  0.13952358E+02
  0.92647690E+00  0.13909843E+02
  0.93916836E+00  0.13868751E+02
  0.95185983E+00  0.13829084E+02
  0.96455129E+00  0.13790868E+02
  0.97724275E+00  0.13754088E+02
  0.98993422E+00  0.13718754E+02
  0.10026257E+01  0.13684877E+02
  0.10153171E+01  0.13652474E+02
  0.10280086E+01  0.13621557E+02
  0.10407001E+01  0.13592143E+02
  0.10533915E+01  0.13564246E+02
  0.10660830E+01  0.13537884E+02
  0.10787745E+01  0.13513069E+02
  0.10914659E+01  0.13489816E+02
  0.11041574E+01  0.13468136E+02
  0.11168489E+01  0.13448041E+02
  0.11295403E+01  0.13429538E+02
  0.11422318E+01  0.13412635E+02
  0.11549233E+01  0.13397337E+02
  0.11676147E+01  0.13383647E+02
  0.11803062E+01  0.13371568E+02
  0.11929976E+01  0.13361101E+02
  0.12056891E+01  0.13352245E+02
  0.12183806E+01  0.13345000E+02
  0.12310720E+01  0.13339366E+02
  0.12437635E+01  0.13335340E+02
  0.12564550E+01  0.13332923E+02
  0.12691464E+01  0.13332113E+02
  0.12818379E+01  0.13329580E+02
  0.12945294E+01  0.13321696E+02
  0.13072208E+01  0.13308596E+02
  0.13199123E+01  0.13290404E+02
  0.13326038E+01  0.13267271E+02
  0.13452952E+01  0.13239386E+02
  0.13579867E+01  0.13206971E+02
  0.13706781E+01  0.13170284E+02
  0.13833696E+01  0.13129609E+02
  0.13960611E+01  0.13085260E+02
  0.14087525E+01  0.13037571E+02
  0.14214440E+01  0.12986895E+02
  0.14341355E+01  0.12933599E+02
  0.14468269E+01  0.12878059E+02
  0.14595184E+01  0.12820656E+02
  0.14722099E+01  0.12761773E+02
  0.14849013E+01  0.12701789E+02
  0.14975928E+01  0.12641076E+02
  0.15102843E+01  0.12579996E+02
  0.15229757E+01  0.12518896E+02
  0.15356672E+01  0.12458107E+02
  0.15483587E+01  0.12397937E+02
  0.15610501E+01  0.12338678E+02
  0.15737416E+01  0.12280592E+02
  0.15864330E+01  0.12223922E+02
  0.15991245E+01  0.12168882E+02
  0.16118160E+01  0.12115660E+02
  0.16245074E+01  0.12064420E+02
  0.16371989E+01  0.12015300E+02
  0.16498904E+01  0.11968411E+02
  0.16625818E+01  0.11923845E+02
  0.16752733E+01  0.11881669E+02
  0.16879648E+01  0.11841930E+02
  0.17006562E+01  0.11804657E+02
  0.17133477E+01  0.11769864E+02
  0.17260392E+01  0.11737549E+02
  0.17387306E+01  0.11707698E+02
  0.17514221E+01  0.11680288E+02
  0.17641135E+01  0.11655289E+02
  0.17768050E+01  0.11632662E+02
  0.17894965E+01  0.11612367E+02
  0.18021879E+01  0.11594363E+02
  0.18148794E+01  0.11578605E+02
  0.18275709E+01  0.11565053E+02
  0.18402623E+01  0.11553667E+02
  0.18529538E+01  0.11544413E+02
  0.18656453E+01  0.11537260E+02
  0.18783367E+01  0.11532183E+02
  0.18910282E+01  0.11529165E+02
  0.19037197E+01  0.11528194E+02
  0.19163594E+01  0.11533493E+02
  0.19289991E+01  0.11549090E+02
  0.19416389E+01  0.11574508E+02
  0.19542786E+01  0.11609034E+02
  0.19669184E+01  0.11651817E+02
  0.19795581E+01  0.11701962E+02
  0.19921979E+01  0.11758596E+02
  0.20048376E+01  0.11820918E+02
  0.20174774E+01  0.11888219E+02
  0.20301171E+01  0.11959893E+02
  0.20427569E+01  0.12035430E+02
  0.20553966E+01  0.12114408E+02
  0.20680364E+01  0.12196482E+02
  0.20806761E+01  0.12281373E+02
  0.20933159E+01  0.12368857E+02
  0.21059556E+01  0.12458753E+02
  0.21185954E+01  0.12550917E+02
  0.21312351E+01  0.12645232E+02
  0.21438748E+01  0.12741602E+02
  0.21565146E+01  0.12839946E+02
  0.21691543E+01  0.12940195E+02
  0.21817941E+01  0.13042285E+02
  0.21944338E+01  0.13146151E+02
  0.22070736E+01  0.13251729E+02
  0.22197133E+01  0.13358950E+02
  0.22323531E+01  0.13467736E+02
  0.22449928E+01  0.13577997E+02
  0.22576326E+01  0.13689632E+02
  0.22702723E+01  0.13802522E+02
  0.22829121E+01  0.13916533E+02
  0.22955518E+01  0.14031510E+02
  0.23081916E+01  0.14147278E+02
  0.23208313E+01  0.14263639E+02
  0.23334711E+01  0.14380374E+02
  0.23461108E+01  0.14497243E+02
  0.23587506E+01  0.14613984E+02
  0.23713903E+01  0.14730317E+02
  0.23840300E+01  0.14845946E+02
  0.23966698E+01  0.14960561E+02
  0.24093095E+01  0.15073842E+02
  0.24219493E+01  0.15185465E+02
  0.24345890E+01  0.15295105E+02
  0.24472288E+01  0.15402440E+02
  0.24598685E+01  0.15507159E+02
  0.24725083E+01  0.15608961E+02
  0.24851480E+01  0.15707565E+02
  0.24977878E+01  0.15802712E+02
  0.25104275E+01  0.15894168E+02
  0.25230673E+01  0.15981726E+02
  0.25357070E+01  0.16065210E+02
  0.25483468E+01  0.16144476E+02
  0.25609865E+01  0.16219413E+02
  0.25736263E+01  0.16289943E+02
  0.25862660E+01  0.16356018E+02
  0.25989057E+01  0.16417625E+02
  0.26115455E+01  0.16474776E+02
  0.26241852E+01  0.16527514E+02
  0.26368250E+01  0.16575902E+02
  0.26494647E+01  0.16620025E+02
  0.26621045E+01  0.16659985E+02
  0.26747442E+01  0.16695895E+02
  0.26873840E+01  0.16727877E+02
  0.27000237E+01  0.16756059E+02
  0.27126635E+01  0.16780567E+02
  0.27253032E+01  0.16801524E+02
  0.27379430E+01  0.16819043E+02
  0.27505827E+01  0.16833229E+02
  0.27632225E+01  0.16844170E+02
  0.27758622E+01  0.16851939E+02
  0.27885020E+01  0.16856587E+02
  0.28011417E+01  0.16858124E+02
  0.28137752E+01  0.16858873E+02
  0.28264087E+01  0.16860658E+02
  0.28390422E+01  0.16863468E+02
  0.28516756E+01  0.16867286E+02
  0.28643091E+01  0.16872095E+02
  0.28769426E+01  0.16877873E+02
  0.28895761E+01  0.16884596E+02
  0.29022096E+01  0.16892240E+02
  0.29148431E+01  0.16900780E+02
  0.29274765E+01  0.16910193E+02
  0.29401100E+01  0.16920454E+02
  0.29527435E+01  0.16931542E+02
  0.29653770E+01  0.16943441E+02
  0.29780105E+01  0.16956133E+02
  0.29906440E+01  0.16969609E+02
  0.30032774E+01  0.16983859E+02
  0.30159109E+01  0.16998880E+02
  0.30285444E+01  0.17014672E+02
  0.30411779E+01  0.17031236E+02
  0.30538114E+01  0.17048579E+02
  0.30664449E+01  0.17066707E+02
  0.30790783E+01  0.17085708E+02
  0.30917118E+01  0.17105804E+02
  0.31043453E+01  0.17126694E+02
  0.31169788E+01  0.17148377E+02
  0.31296123E+01  0.17170854E+02
  0.31422458E+01  0.17194123E+02
  0.31548792E+01  0.17218181E+02
  0.31675127E+01  0.17243022E+02
  0.31801462E+01  0.17268636E+02
  0.31927797E+01  0.17295010E+02
  0.32054132E+01  0.17322129E+02
  0.32180467E+01  0.17349972E+02
  0.32306801E+01  0.17378513E+02
  0.32433136E+01  0.17407724E+02
  0.32559471E+01  0.17437574E+02
  0.32685806E+01  0.17468025E+02
  0.32812141E+01  0.17499039E+02
  0.32938476E+01  0.17530574E+02
  0.33064810E+01  0.17562587E+02
  0.33191145E+01  0.17595035E+02
  0.33317480E+01  0.17627899E+02
  0.33443815E+01  0.17661259E+02
  0.33570150E+01  0.17695028E+02
  0.33696485E+01  0.17729063E+02
  0.33822819E+01  0.17763297E+02
  0.33949154E+01  0.17797675E+02
  0.34075489E+01  0.17832143E+02
  0.34201824E+01  0.17866648E+02
  0.34328159E+01  0.17901134E+02
  0.34454494E+01  0.17935549E+02
  0.34580828E+01  0.17969835E+02
  0.34707163E+01  0.18003937E+02
  0.34833498E+01  0.18037797E+02
  0.34959833E+01  0.18071358E+02
  0.35086168E+01  0.18104560E+02
  0.35212503E+01  0.18137344E+02
  0.35338837E+01  0.18169650E+02
  0.35465172E+01  0.18201417E+02
  0.35591507E+01  0.18232587E+02
  0.35717842E+01  0.18263099E+02
  0.35844177E+01  0.18292896E+02
  0.35970512E+01  0.18321919E+02
  0.36096846E+01  0.18350112E+02
  0.36223181E+01  0.18377421E+02
  0.36349516E+01  0.18403792E+02
  0.36475851E+01  0.18429170E+02
  0.36602186E+01  0.18453507E+02
  0.36728521E+01  0.18476750E+02
  0.36854855E+01  0.18498854E+02
  0.36981190E+01  0.18519774E+02
  0.37107525E+01  0.18539470E+02
  0.37233860E+01  0.18557909E+02
  0.37360195E+01  0.18575059E+02
  0.37486530E+01  0.18590898E+02
  0.37612864E+01  0.18605408E+02
  0.37739199E+01  0.18618575E+02
  0.37865534E+01  0.18630393E+02
  0.37991869E+01  0.18640859E+02
  0.38118204E+01  0.18649975E+02
  0.38244539E+01  0.18657747E+02
  0.38370873E+01  0.18664182E+02
  0.38497208E+01  0.18669292E+02
  0.38623543E+01  0.18673087E+02
  0.38749878E+01  0.18675581E+02
  0.38876213E+01  0.18676786E+02
  0.39002548E+01  0.18676736E+02
  0.39129841E+01  0.18676811E+02
  0.39257135E+01  0.18677809E+02
  0.39384429E+01  0.18679710E+02
  0.39511723E+01  0.18682485E+02
  0.39639017E+01  0.18686089E+02
  0.39766311E+01  0.18690462E+02
  0.39893605E+01  0.18695533E+02
  0.40020899E+01  0.18701223E+02
  0.40148193E+01  0.18707439E+02
  0.40275487E+01  0.18714082E+02
  0.40402781E+01  0.18721047E+02
  0.40530074E+01  0.18728222E+02
  0.40657368E+01  0.18735494E+02
  0.40784662E+01  0.18742746E+02
  0.40911956E+01  0.18749860E+02
  0.41039250E+01  0.18756720E+02
  0.41166544E+01  0.18763210E+02
  0.41293838E+01  0.18769220E+02
  0.41421132E+01  0.18774640E+02
  0.41548426E+01  0.18779365E+02
  0.41675720E+01  0.18783295E+02
  0.41803014E+01  0.18786335E+02
  0.41930307E+01  0.18788394E+02
  0.42057601E+01  0.18789386E+02
  0.42184895E+01  0.18789227E+02
  0.42312189E+01  0.18787839E+02
  0.42439483E+01  0.18785146E+02
  0.42566777E+01  0.18781076E+02
  0.42694071E+01  0.18775555E+02
  0.42821365E+01  0.18768513E+02
  0.42948659E+01  0.18759879E+02
  0.43075953E+01  0.18749583E+02
  0.43203247E+01  0.18737553E+02
  0.43330540E+01  0.18723715E+02
  0.43457834E+01  0.18707997E+02
  0.43585128E+01  0.18690322E+02
  0.43712422E+01  0.18670614E+02
  0.43839716E+01  0.18648796E+02
  0.43967010E+01  0.18624791E+02
  0.44094304E+01  0.18598522E+02
  0.44221598E+01  0.18569914E+02
  0.44348892E+01  0.18538895E+02
  0.44476186E+01  0.18505398E+02
  0.44603480E+01  0.18469359E+02
  0.44730773E+01  0.18430724E+02
  0.44858067E+01  0.18389446E+02
  0.44985361E+01  0.18345486E+02
  0.45112655E+01  0.18298820E+02
  0.45239949E+01  0.18249435E+02
  0.45367243E+01  0.18197332E+02
  0.45494537E+01  0.18142525E+02
  0.45621831E+01  0.18085049E+02
  0.45749125E+01  0.18024949E+02
  0.45876419E+01  0.17962293E+02
  0.46003713E+01  0.17897161E+02
  0.46131006E+01  0.17829652E+02
  0.46258300E+01  0.17759881E+02
  0.46385594E+01  0.17687977E+02
  0.46512888E+01  0.17614085E+02
  0.46640182E+01  0.17538362E+02
  0.46767476E+01  0.17460975E+02
  0.46894770E+01  0.17382102E+02
  0.47022064E+01  0.17301929E+02
  0.47149358E+01  0.17220644E+02
  0.47276652E+01  0.17138441E+02
  0.47403945E+01  0.17055514E+02
  0.47531239E+01  0.16972055E+02
  0.47658533E+01  0.16888250E+02
  0.47785827E+01  0.16804284E+02
  0.47913121E+01  0.16720330E+02
  0.48040415E+01  0.16636551E+02
  0.48167709E+01  0.16553102E+02
  0.48295003E+01  0.16470122E+02
  0.48422297E+01  0.16387736E+02
  0.48549591E+01  0.16306058E+02
  0.48676885E+01  0.16225181E+02
  0.48804178E+01  0.16145188E+02
  0.48931472E+01  0.16066144E+02
  0.49058766E+01  0.15988099E+02
  0.49186060E+01  0.15911089E+02
  0.49313354E+01  0.15835137E+02
  0.49440648E+01  0.15760254E+02
  0.49567942E+01  0.15686439E+02
  0.49695236E+01  0.15613683E+02
  0.49822530E+01  0.15541969E+02
  0.49949824E+01  0.15471272E+02
  0.50077118E+01  0.15401565E+02
  0.50204411E+01  0.15332817E+02
  0.50331705E+01  0.15264996E+02
  0.50458999E+01  0.15198071E+02
  0.50586293E+01  0.15132014E+02
  0.50713587E+01  0.15066797E+02
  0.50840881E+01  0.15002400E+02
  0.50968175E+01  0.14938807E+02
  0.51095469E+01  0.14876007E+02
  0.51222763E+01  0.14813999E+02
  0.51350057E+01  0.14752787E+02
  0.51477351E+01  0.14692381E+02
  0.51604644E+01  0.14632801E+02
  0.51731938E+01  0.14574072E+02
  0.51859232E+01  0.14516226E+02
  0.51986526E+01  0.14459302E+02
  0.52113820E+01  0.14403342E+02
  0.52241114E+01  0.14348394E+02
  0.52368408E+01  0.14294508E+02
  0.52495702E+01  0.14241740E+02
  0.52622996E+01  0.14190142E+02
  0.52750290E+01  0.14139771E+02
  0.52877584E+01  0.14090681E+02
  0.53004877E+01  0.14042927E+02
  0.53132171E+01  0.13996559E+02
  0.53259465E+01  0.13951625E+02
  0.53386759E+01  0.13908170E+02
  0.53514053E+01  0.13866234E+02
  0.53641347E+01  0.13825852E+02
  0.53768641E+01  0.13787055E+02
  0.53895935E+01  0.13749868E+02
  0.54023229E+01  0.13714310E+02
  0.54150523E+01  0.13680395E+02
  0.54277817E+01  0.13648133E+02
  0.54405110E+01  0.13617526E+02
  0.54532404E+01  0.13588575E+02
  0.54659698E+01  0.13561273E+02
  0.54786992E+01  0.13535611E+02
  0.54914286E+01  0.13511576E+02
  0.55041580E+01  0.13489152E+02
  0.55168874E+01  0.13468321E+02
  0.55296168E+01  0.13449063E+02
  0.55423462E+01  0.13431354E+02
  0.55550756E+01  0.13415174E+02
  0.55678050E+01  0.13400498E+02
  0.55805343E+01  0.13387305E+02
  0.55932637E+01  0.13375571E+02
  0.56059931E+01  0.13365277E+02
  0.56187225E+01  0.13356401E+02
  0.56314519E+01  0.13348927E+02
  0.56441813E+01  0.13342839E+02
  0.56569107E+01  0.13338123E+02
  0.56696401E+01  0.13334768E+02
  0.56823695E+01  0.13332767E+02
  0.56950989E+01  0.13332113E+02
  
