 written on  2Oct2023 at 15:32:43 
           3
         125
    8    4    4    4    8    4    2    2    2    4    4    2    2    2    4
    4    2    2    2    4    8    4    4    4    8    4    2    2    2    4
    2    1    1    1    2    2    1    1    1    2    2    1    1    1    2
    4    2    2    2    4    4    2    2    2    4    2    1    1    1    2
    2    1    1    1    2    2    1    1    1    2    4    2    2    2    4
    4    2    2    2    4    2    1    1    1    2    2    1    1    1    2
    2    1    1    1    2    4    2    2    2    4    8    4    4    4    8
    4    2    2    2    4    4    2    2    2    4    4    2    2    2    4
    8    4    4    4    8
   -2   -2   -2    1    1    0.000365    0.000000
   -2   -2   -2    2    1   -0.001218   -0.000172
   -2   -2   -2    3    1   -0.001920    0.001416
   -2   -2   -2    1    2   -0.001218    0.000172
   -2   -2   -2    2    2   -0.005161    0.000000
   -2   -2   -2    3    2   -0.000405    0.000786
   -2   -2   -2    1    3   -0.001920   -0.001416
   -2   -2   -2    2    3   -0.000405   -0.000786
   -2   -2   -2    3    3    0.003483    0.000000
   -2   -2   -1    1    1   -0.001333    0.000000
   -2   -2   -1    2    1    0.001029    0.000170
   -2   -2   -1    3    1    0.001282   -0.001540
   -2   -2   -1    1    2    0.001030   -0.000176
   -2   -2   -1    2    2    0.004550    0.000002
   -2   -2   -1    3    2    0.000395   -0.000892
   -2   -2   -1    1    3    0.001303    0.001546
   -2   -2   -1    2    3    0.000397    0.000896
   -2   -2   -1    3    3   -0.007939   -0.000002
   -2   -2    0    1    1    0.001662    0.000000
   -2   -2    0    2    1   -0.000677   -0.000009
   -2   -2    0    3    1   -0.004771    0.001289
   -2   -2    0    1    2   -0.000677    0.000009
   -2   -2    0    2    2   -0.004491    0.000000
   -2   -2    0    3    2   -0.001264    0.000057
   -2   -2    0    1    3   -0.004771   -0.001289
   -2   -2    0    2    3   -0.001264   -0.000057
   -2   -2    0    3    3   -0.023637    0.000000
   -2   -2    1    1    1   -0.001333   -0.000000
   -2   -2    1    2    1    0.001030    0.000176
   -2   -2    1    3    1    0.001303   -0.001546
   -2   -2    1    1    2    0.001029   -0.000170
   -2   -2    1    2    2    0.004550   -0.000002
   -2   -2    1    3    2    0.000397   -0.000896
   -2   -2    1    1    3    0.001282    0.001540
   -2   -2    1    2    3    0.000395    0.000892
   -2   -2    1    3    3   -0.007939    0.000002
   -2   -2    2    1    1    0.000365    0.000000
   -2   -2    2    2    1   -0.001218   -0.000172
   -2   -2    2    3    1   -0.001920    0.001416
   -2   -2    2    1    2   -0.001218    0.000172
   -2   -2    2    2    2   -0.005161    0.000000
   -2   -2    2    3    2   -0.000405    0.000786
   -2   -2    2    1    3   -0.001920   -0.001416
   -2   -2    2    2    3   -0.000405   -0.000786
   -2   -2    2    3    3    0.003483    0.000000
   -2   -1   -2    1    1    0.000268    0.000001
   -2   -1   -2    2    1   -0.002155   -0.000218
   -2   -1   -2    3    1   -0.001881    0.001438
   -2   -1   -2    1    2   -0.002147    0.000215
   -2   -1   -2    2    2   -0.008609   -0.000002
   -2   -1   -2    3    2   -0.000220    0.000885
   -2   -1   -2    1    3   -0.001884   -0.001441
   -2   -1   -2    2    3   -0.000230   -0.000886
   -2   -1   -2    3    3    0.003618    0.000001
   -2   -1   -1    1    1   -0.001391    0.000001
   -2   -1   -1    2    1    0.000004    0.000113
   -2   -1   -1    3    1    0.000954   -0.001554
   -2   -1   -1    1    2   -0.000001   -0.000125
   -2   -1   -1    2    2    0.002207    0.000002
   -2   -1   -1    3    2   -0.001007   -0.000784
   -2   -1   -1    1    3    0.000984    0.001551
   -2   -1   -1    2    3   -0.000984    0.000801
   -2   -1   -1    3    3   -0.006486   -0.000003
   -2   -1    0    1    1    0.001739    0.000017
   -2   -1    0    2    1    0.001042    0.000160
   -2   -1    0    3    1   -0.004149    0.001358
   -2   -1    0    1    2    0.001050   -0.000156
   -2   -1    0    2    2    0.000142   -0.000015
   -2   -1    0    3    2   -0.001563   -0.000090
   -2   -1    0    1    3   -0.004157   -0.001336
   -2   -1    0    2    3   -0.001575    0.000082
   -2   -1    0    3    3   -0.021077   -0.000002
   -2   -1    1    1    1   -0.001177   -0.000000
   -2   -1    1    2    1    0.000418    0.000141
   -2   -1    1    3    1    0.001811   -0.001523
   -2   -1    1    1    2    0.000412   -0.000143
   -2   -1    1    2    2    0.002338   -0.000002
   -2   -1    1    3    2    0.002178   -0.000810
   -2   -1    1    1    3    0.001801    0.001512
   -2   -1    1    2    3    0.002196    0.000813
   -2   -1    1    3    3   -0.006831    0.000002
   -2   -1    2    1    1    0.000268    0.000001
   -2   -1    2    2    1   -0.002155   -0.000218
   -2   -1    2    3    1   -0.001881    0.001438
   -2   -1    2    1    2   -0.002147    0.000215
   -2   -1    2    2    2   -0.008609   -0.000002
   -2   -1    2    3    2   -0.000220    0.000885
   -2   -1    2    1    3   -0.001884   -0.001441
   -2   -1    2    2    3   -0.000230   -0.000886
   -2   -1    2    3    3    0.003618    0.000001
   -2    0   -2    1    1   -0.000371    0.000000
   -2    0   -2    2    1   -0.008240   -0.000608
   -2    0   -2    3    1   -0.001566    0.001637
   -2    0   -2    1    2   -0.008240    0.000608
   -2    0   -2    2    2   -0.030606   -0.000000
   -2    0   -2    3    2    0.001031    0.001546
   -2    0   -2    1    3   -0.001566   -0.001637
   -2    0   -2    2    3    0.001031   -0.001546
   -2    0   -2    3    3    0.004511    0.000000
   -2    0   -1    1    1   -0.002658   -0.000000
   -2    0   -1    2    1   -0.005383   -0.000304
   -2    0   -1    3    1    0.002636   -0.001255
   -2    0   -1    1    2   -0.005384    0.000293
   -2    0   -1    2    2   -0.018425    0.000004
   -2    0   -1    3    2    0.001908    0.000086
   -2    0   -1    1    3    0.002653    0.001257
   -2    0   -1    2    3    0.001912   -0.000071
   -2    0   -1    3    3    0.001886   -0.000004
   -2    0    0    1    1    0.003489    0.000000
   -2    0    0    2    1    0.003432    0.000135
   -2    0    0    3    1    0.000792    0.001886
   -2    0    0    1    2    0.003432   -0.000135
   -2    0    0    2    2    0.006366    0.000000
   -2    0    0    3    2   -0.001384    0.000787
   -2    0    0    1    3    0.000792   -0.001886
   -2    0    0    2    3   -0.001384   -0.000787
   -2    0    0    3    3    0.016306    0.000000
   -2    0    1    1    1   -0.002658    0.000000
   -2    0    1    2    1   -0.005384   -0.000293
   -2    0    1    3    1    0.002653   -0.001257
   -2    0    1    1    2   -0.005383    0.000304
   -2    0    1    2    2   -0.018425   -0.000004
   -2    0    1    3    2    0.001912    0.000071
   -2    0    1    1    3    0.002636    0.001255
   -2    0    1    2    3    0.001908   -0.000086
   -2    0    1    3    3    0.001886    0.000004
   -2    0    2    1    1   -0.000371    0.000000
   -2    0    2    2    1   -0.008240   -0.000608
   -2    0    2    3    1   -0.001566    0.001637
   -2    0    2    1    2   -0.008240    0.000608
   -2    0    2    2    2   -0.030606   -0.000000
   -2    0    2    3    2    0.001031    0.001546
   -2    0    2    1    3   -0.001566   -0.001637
   -2    0    2    2    3    0.001031   -0.001546
   -2    0    2    3    3    0.004511    0.000000
   -2    1   -2    1    1    0.000268   -0.000001
   -2    1   -2    2    1   -0.002147   -0.000215
   -2    1   -2    3    1   -0.001884    0.001441
   -2    1   -2    1    2   -0.002155    0.000218
   -2    1   -2    2    2   -0.008609    0.000002
   -2    1   -2    3    2   -0.000230    0.000886
   -2    1   -2    1    3   -0.001881   -0.001438
   -2    1   -2    2    3   -0.000220   -0.000885
   -2    1   -2    3    3    0.003618   -0.000001
   -2    1   -1    1    1   -0.001177    0.000000
   -2    1   -1    2    1    0.000412    0.000143
   -2    1   -1    3    1    0.001801   -0.001512
   -2    1   -1    1    2    0.000418   -0.000141
   -2    1   -1    2    2    0.002338    0.000002
   -2    1   -1    3    2    0.002196   -0.000813
   -2    1   -1    1    3    0.001811    0.001523
   -2    1   -1    2    3    0.002178    0.000810
   -2    1   -1    3    3   -0.006831   -0.000002
   -2    1    0    1    1    0.001739   -0.000017
   -2    1    0    2    1    0.001050    0.000156
   -2    1    0    3    1   -0.004157    0.001336
   -2    1    0    1    2    0.001042   -0.000160
   -2    1    0    2    2    0.000142    0.000015
   -2    1    0    3    2   -0.001575   -0.000082
   -2    1    0    1    3   -0.004149   -0.001358
   -2    1    0    2    3   -0.001563    0.000090
   -2    1    0    3    3   -0.021077    0.000002
   -2    1    1    1    1   -0.001391   -0.000001
   -2    1    1    2    1   -0.000001    0.000125
   -2    1    1    3    1    0.000984   -0.001551
   -2    1    1    1    2    0.000004   -0.000113
   -2    1    1    2    2    0.002207   -0.000002
   -2    1    1    3    2   -0.000984   -0.000801
   -2    1    1    1    3    0.000954    0.001554
   -2    1    1    2    3   -0.001007    0.000784
   -2    1    1    3    3   -0.006486    0.000003
   -2    1    2    1    1    0.000268   -0.000001
   -2    1    2    2    1   -0.002147   -0.000215
   -2    1    2    3    1   -0.001884    0.001441
   -2    1    2    1    2   -0.002155    0.000218
   -2    1    2    2    2   -0.008609    0.000002
   -2    1    2    3    2   -0.000230    0.000886
   -2    1    2    1    3   -0.001881   -0.001438
   -2    1    2    2    3   -0.000220   -0.000885
   -2    1    2    3    3    0.003618   -0.000001
   -2    2   -2    1    1    0.000365    0.000000
   -2    2   -2    2    1   -0.001218   -0.000172
   -2    2   -2    3    1   -0.001920    0.001416
   -2    2   -2    1    2   -0.001218    0.000172
   -2    2   -2    2    2   -0.005161    0.000000
   -2    2   -2    3    2   -0.000405    0.000786
   -2    2   -2    1    3   -0.001920   -0.001416
   -2    2   -2    2    3   -0.000405   -0.000786
   -2    2   -2    3    3    0.003483    0.000000
   -2    2   -1    1    1   -0.001333    0.000000
   -2    2   -1    2    1    0.001029    0.000170
   -2    2   -1    3    1    0.001282   -0.001540
   -2    2   -1    1    2    0.001030   -0.000176
   -2    2   -1    2    2    0.004550    0.000002
   -2    2   -1    3    2    0.000395   -0.000892
   -2    2   -1    1    3    0.001303    0.001546
   -2    2   -1    2    3    0.000397    0.000896
   -2    2   -1    3    3   -0.007939   -0.000002
   -2    2    0    1    1    0.001662    0.000000
   -2    2    0    2    1   -0.000677   -0.000009
   -2    2    0    3    1   -0.004771    0.001289
   -2    2    0    1    2   -0.000677    0.000009
   -2    2    0    2    2   -0.004491    0.000000
   -2    2    0    3    2   -0.001264    0.000057
   -2    2    0    1    3   -0.004771   -0.001289
   -2    2    0    2    3   -0.001264   -0.000057
   -2    2    0    3    3   -0.023637    0.000000
   -2    2    1    1    1   -0.001333   -0.000000
   -2    2    1    2    1    0.001030    0.000176
   -2    2    1    3    1    0.001303   -0.001546
   -2    2    1    1    2    0.001029   -0.000170
   -2    2    1    2    2    0.004550   -0.000002
   -2    2    1    3    2    0.000397   -0.000896
   -2    2    1    1    3    0.001282    0.001540
   -2    2    1    2    3    0.000395    0.000892
   -2    2    1    3    3   -0.007939    0.000002
   -2    2    2    1    1    0.000365    0.000000
   -2    2    2    2    1   -0.001218   -0.000172
   -2    2    2    3    1   -0.001920    0.001416
   -2    2    2    1    2   -0.001218    0.000172
   -2    2    2    2    2   -0.005161    0.000000
   -2    2    2    3    2   -0.000405    0.000786
   -2    2    2    1    3   -0.001920   -0.001416
   -2    2    2    2    3   -0.000405   -0.000786
   -2    2    2    3    3    0.003483    0.000000
   -1   -2   -2    1    1   -0.004569    0.000010
   -1   -2   -2    2    1    0.002199    0.000228
   -1   -2   -2    3    1    0.002505   -0.001263
   -1   -2   -2    1    2    0.002180   -0.000217
   -1   -2   -2    2    2    0.004164   -0.000004
   -1   -2   -2    3    2    0.000246   -0.000808
   -1   -2   -2    1    3    0.002480    0.001303
   -1   -2   -2    2    3    0.000278    0.000775
   -1   -2   -2    3    3   -0.004316   -0.000006
   -1   -2   -1    1    1   -0.002156   -0.000002
   -1   -2   -1    2    1   -0.000300   -0.000046
   -1   -2   -1    3    1   -0.003553    0.001291
   -1   -2   -1    1    2   -0.000301    0.000069
   -1   -2   -1    2    2   -0.005018   -0.000006
   -1   -2   -1    3    2   -0.000145    0.000690
   -1   -2   -1    1    3   -0.003518   -0.001346
   -1   -2   -1    2    3   -0.000182   -0.000653
   -1   -2   -1    3    3    0.001504    0.000008
   -1   -2    0    1    1    0.003590    0.000007
   -1   -2    0    2    1   -0.001047    0.000033
   -1   -2    0    3    1   -0.002257   -0.001831
   -1   -2    0    1    2   -0.001067   -0.000041
   -1   -2    0    2    2    0.005687   -0.000001
   -1   -2    0    3    2    0.000403   -0.001305
   -1   -2    0    1    3   -0.002286    0.001877
   -1   -2    0    2    3    0.000426    0.001288
   -1   -2    0    3    3   -0.028473   -0.000006
   -1   -2    1    1    1   -0.001305   -0.000001
   -1   -2    1    2    1   -0.000357   -0.000160
   -1   -2    1    3    1   -0.000478    0.001302
   -1   -2    1    1    2   -0.000352    0.000178
   -1   -2    1    2    2   -0.005054   -0.000005
   -1   -2    1    3    2   -0.001049    0.000712
   -1   -2    1    1    3   -0.000412   -0.001347
   -1   -2    1    2    3   -0.001103   -0.000680
   -1   -2    1    3    3    0.000689    0.000006
   -1   -2    2    1    1   -0.004569    0.000010
   -1   -2    2    2    1    0.002199    0.000228
   -1   -2    2    3    1    0.002505   -0.001263
   -1   -2    2    1    2    0.002180   -0.000217
   -1   -2    2    2    2    0.004164   -0.000004
   -1   -2    2    3    2    0.000246   -0.000808
   -1   -2    2    1    3    0.002480    0.001303
   -1   -2    2    2    3    0.000278    0.000775
   -1   -2    2    3    3   -0.004316   -0.000006
   -1   -1   -2    1    1   -0.002715    0.000011
   -1   -1   -2    2    1    0.002641    0.000182
   -1   -1   -2    3    1    0.002399   -0.001248
   -1   -1   -2    1    2    0.002622   -0.000173
   -1   -1   -2    2    2    0.001050   -0.000002
   -1   -1   -2    3    2    0.000256   -0.000709
   -1   -1   -2    1    3    0.002371    0.001297
   -1   -1   -2    2    3    0.000316    0.000675
   -1   -1   -2    3    3   -0.004005   -0.000009
   -1   -1   -1    1    1   -0.004295    0.000007
   -1   -1   -1    2    1    0.001364    0.000023
   -1   -1   -1    3    1   -0.005929    0.001128
   -1   -1   -1    1    2    0.001365    0.000034
   -1   -1   -1    2    2   -0.012415   -0.000021
   -1   -1   -1    3    2   -0.002938    0.000677
   -1   -1   -1    1    3   -0.005858   -0.001197
   -1   -1   -1    2    3   -0.002973   -0.000639
   -1   -1   -1    3    3   -0.000789    0.000014
   -1   -1    0    1    1    0.007276    0.000018
   -1   -1    0    2    1    0.007478    0.000349
   -1   -1    0    3    1   -0.010516   -0.002967
   -1   -1    0    1    2    0.007414   -0.000287
   -1   -1    0    2    2    0.006752   -0.000021
   -1   -1    0    3    2   -0.001883   -0.003013
   -1   -1    0    1    3   -0.010537    0.002938
   -1   -1    0    2    3   -0.001789    0.002899
   -1   -1    0    3    3   -0.086868    0.000003
   -1   -1    1    1    1   -0.002371    0.000004
   -1   -1    1    2    1    0.002018   -0.000143
   -1   -1    1    3    1    0.001350    0.001204
   -1   -1    1    1    2    0.002030    0.000182
   -1   -1    1    2    2   -0.012237   -0.000007
   -1   -1    1    3    2    0.001309    0.000683
   -1   -1    1    1    3    0.001435   -0.001263
   -1   -1    1    2    3    0.001252   -0.000658
   -1   -1    1    3    3   -0.002890    0.000003
   -1   -1    2    1    1   -0.002715    0.000011
   -1   -1    2    2    1    0.002641    0.000182
   -1   -1    2    3    1    0.002399   -0.001248
   -1   -1    2    1    2    0.002622   -0.000173
   -1   -1    2    2    2    0.001050   -0.000002
   -1   -1    2    3    2    0.000256   -0.000709
   -1   -1    2    1    3    0.002371    0.001297
   -1   -1    2    2    3    0.000316    0.000675
   -1   -1    2    3    3   -0.004005   -0.000009
   -1    0   -2    1    1    0.003028    0.000011
   -1    0   -2    2    1   -0.006513   -0.000301
   -1    0   -2    3    1    0.002029   -0.000981
   -1    0   -2    1    2   -0.006537    0.000311
   -1    0   -2    2    2   -0.018236   -0.000004
   -1    0   -2    3    2    0.001856   -0.000022
   -1    0   -2    1    3    0.001982    0.001033
   -1    0   -2    2    3    0.001911   -0.000029
   -1    0   -2    3    3   -0.003988   -0.000008
   -1    0   -1    1    1   -0.001258   -0.000009
   -1    0   -1    2    1   -0.023311   -0.001171
   -1    0   -1    3    1   -0.009236    0.001913
   -1    0   -1    1    2   -0.023288    0.001182
   -1    0   -1    2    2   -0.083245    0.000003
   -1    0   -1    3    2    0.006465    0.003028
   -1    0   -1    1    3   -0.009137   -0.001968
   -1    0   -1    2    3    0.006366   -0.002895
   -1    0   -1    3    3    0.011663    0.000006
   -1    0    0    1    1   -0.047692    0.000004
   -1    0    0    2    1   -0.059199   -0.002835
   -1    0    0    3    1   -0.024439   -0.002659
   -1    0    0    1    2   -0.059212    0.002829
   -1    0    0    2    2   -0.237880    0.000004
   -1    0    0    3    2    0.008120   -0.000496
   -1    0    0    1    3   -0.024477    0.002717
   -1    0    0    2    3    0.008164    0.000459
   -1    0    0    3    3   -0.260532   -0.000008
   -1    0    1    1    1    0.003070    0.000005
   -1    0    1    2    1   -0.023531   -0.001676
   -1    0    1    3    1    0.007356    0.001909
   -1    0    1    1    2   -0.023527    0.001732
   -1    0    1    2    2   -0.083443   -0.000011
   -1    0    1    3    2    0.001707    0.003173
   -1    0    1    1    3    0.007486   -0.001965
   -1    0    1    2    3    0.001601   -0.003048
   -1    0    1    3    3    0.007533    0.000006
   -1    0    2    1    1    0.003028    0.000011
   -1    0    2    2    1   -0.006513   -0.000301
   -1    0    2    3    1    0.002029   -0.000981
   -1    0    2    1    2   -0.006537    0.000311
   -1    0    2    2    2   -0.018236   -0.000004
   -1    0    2    3    2    0.001856   -0.000022
   -1    0    2    1    3    0.001982    0.001033
   -1    0    2    2    3    0.001911   -0.000029
   -1    0    2    3    3   -0.003988   -0.000008
   -1    1   -2    1    1   -0.004373    0.000012
   -1    1   -2    2    1   -0.000201    0.000201
   -1    1   -2    3    1    0.002677   -0.001152
   -1    1   -2    1    2   -0.000222   -0.000186
   -1    1   -2    2    2    0.002751   -0.000007
   -1    1   -2    3    2    0.000595   -0.000714
   -1    1   -2    1    3    0.002641    0.001191
   -1    1   -2    2    3    0.000612    0.000673
   -1    1   -2    3    3   -0.004048   -0.000005
   -1    1   -1    1    1   -0.006955    0.000010
   -1    1   -1    2    1   -0.003162    0.000090
   -1    1   -1    3    1   -0.003887    0.001367
   -1    1   -1    1    2   -0.003196   -0.000021
   -1    1   -1    2    2   -0.009049   -0.000013
   -1    1   -1    3    2    0.003562    0.000633
   -1    1   -1    1    3   -0.003832   -0.001433
   -1    1   -1    2    3    0.003514   -0.000601
   -1    1   -1    3    3   -0.001494    0.000004
   -1    1    0    1    1   -0.001608    0.000052
   -1    1    0    2    1   -0.007683    0.000417
   -1    1    0    3    1   -0.009052   -0.002423
   -1    1    0    1    2   -0.007783   -0.000281
   -1    1    0    2    2    0.015866   -0.000046
   -1    1    0    3    2   -0.000141   -0.003064
   -1    1    0    1    3   -0.009075    0.002471
   -1    1    0    2    3   -0.000102    0.002907
   -1    1    0    3    3   -0.087098   -0.000006
   -1    1    1    1    1   -0.005800    0.000005
   -1    1    1    2    1   -0.004012   -0.000148
   -1    1    1    3    1    0.000302    0.001317
   -1    1    1    1    2   -0.004036    0.000194
   -1    1    1    2    2   -0.009361   -0.000018
   -1    1    1    3    2   -0.004008    0.000712
   -1    1    1    1    3    0.000401   -0.001380
   -1    1    1    2    3   -0.004085   -0.000683
   -1    1    1    3    3   -0.002338    0.000013
   -1    1    2    1    1   -0.004373    0.000012
   -1    1    2    2    1   -0.000201    0.000201
   -1    1    2    3    1    0.002677   -0.001152
   -1    1    2    1    2   -0.000222   -0.000186
   -1    1    2    2    2    0.002751   -0.000007
   -1    1    2    3    2    0.000595   -0.000714
   -1    1    2    1    3    0.002641    0.001191
   -1    1    2    2    3    0.000612    0.000673
   -1    1    2    3    3   -0.004048   -0.000005
   -1    2   -2    1    1   -0.004569    0.000010
   -1    2   -2    2    1    0.002199    0.000228
   -1    2   -2    3    1    0.002505   -0.001263
   -1    2   -2    1    2    0.002180   -0.000217
   -1    2   -2    2    2    0.004164   -0.000004
   -1    2   -2    3    2    0.000246   -0.000808
   -1    2   -2    1    3    0.002480    0.001303
   -1    2   -2    2    3    0.000278    0.000775
   -1    2   -2    3    3   -0.004316   -0.000006
   -1    2   -1    1    1   -0.002156   -0.000002
   -1    2   -1    2    1   -0.000300   -0.000046
   -1    2   -1    3    1   -0.003553    0.001291
   -1    2   -1    1    2   -0.000301    0.000069
   -1    2   -1    2    2   -0.005018   -0.000006
   -1    2   -1    3    2   -0.000145    0.000690
   -1    2   -1    1    3   -0.003518   -0.001346
   -1    2   -1    2    3   -0.000182   -0.000653
   -1    2   -1    3    3    0.001504    0.000008
   -1    2    0    1    1    0.003590    0.000007
   -1    2    0    2    1   -0.001047    0.000033
   -1    2    0    3    1   -0.002257   -0.001831
   -1    2    0    1    2   -0.001067   -0.000041
   -1    2    0    2    2    0.005687   -0.000001
   -1    2    0    3    2    0.000403   -0.001305
   -1    2    0    1    3   -0.002286    0.001877
   -1    2    0    2    3    0.000426    0.001288
   -1    2    0    3    3   -0.028473   -0.000006
   -1    2    1    1    1   -0.001305   -0.000001
   -1    2    1    2    1   -0.000357   -0.000160
   -1    2    1    3    1   -0.000478    0.001302
   -1    2    1    1    2   -0.000352    0.000178
   -1    2    1    2    2   -0.005054   -0.000005
   -1    2    1    3    2   -0.001049    0.000712
   -1    2    1    1    3   -0.000412   -0.001347
   -1    2    1    2    3   -0.001103   -0.000680
   -1    2    1    3    3    0.000689    0.000006
   -1    2    2    1    1   -0.004569    0.000010
   -1    2    2    2    1    0.002199    0.000228
   -1    2    2    3    1    0.002505   -0.001263
   -1    2    2    1    2    0.002180   -0.000217
   -1    2    2    2    2    0.004164   -0.000004
   -1    2    2    3    2    0.000246   -0.000808
   -1    2    2    1    3    0.002480    0.001303
   -1    2    2    2    3    0.000278    0.000775
   -1    2    2    3    3   -0.004316   -0.000006
    0   -2   -2    1    1   -0.024892    0.000000
    0   -2   -2    2    1    0.005914    0.000152
    0   -2   -2    3    1    0.000578    0.001206
    0   -2   -2    1    2    0.005914   -0.000152
    0   -2   -2    2    2   -0.006005    0.000000
    0   -2   -2    3    2   -0.001213    0.000621
    0   -2   -2    1    3    0.000578   -0.001206
    0   -2   -2    2    3   -0.001213   -0.000621
    0   -2   -2    3    3    0.004432    0.000000
    0   -2   -1    1    1   -0.023808   -0.000005
    0   -2   -1    2    1    0.007385    0.000314
    0   -2   -1    3    1    0.005926   -0.000840
    0   -2   -1    1    2    0.007390   -0.000329
    0   -2   -1    2    2    0.003236    0.000005
    0   -2   -1    3    2   -0.000158   -0.000390
    0   -2   -1    1    3    0.005950    0.000844
    0   -2   -1    2    3   -0.000158    0.000391
    0   -2   -1    3    3    0.001376   -0.000000
    0   -2    0    1    1    0.013397    0.000000
    0   -2    0    2    1   -0.003606   -0.000304
    0   -2    0    3    1   -0.001724    0.001349
    0   -2    0    1    2   -0.003606    0.000304
    0   -2    0    2    2   -0.004046    0.000000
    0   -2    0    3    2    0.000074    0.000790
    0   -2    0    1    3   -0.001724   -0.001349
    0   -2    0    2    3    0.000074   -0.000790
    0   -2    0    3    3    0.016809    0.000000
    0   -2    1    1    1   -0.023808    0.000005
    0   -2    1    2    1    0.007390    0.000329
    0   -2    1    3    1    0.005950   -0.000844
    0   -2    1    1    2    0.007385   -0.000314
    0   -2    1    2    2    0.003236   -0.000005
    0   -2    1    3    2   -0.000158   -0.000391
    0   -2    1    1    3    0.005926    0.000840
    0   -2    1    2    3   -0.000158    0.000390
    0   -2    1    3    3    0.001376    0.000000
    0   -2    2    1    1   -0.024892    0.000000
    0   -2    2    2    1    0.005914    0.000152
    0   -2    2    3    1    0.000578    0.001206
    0   -2    2    1    2    0.005914   -0.000152
    0   -2    2    2    2   -0.006005    0.000000
    0   -2    2    3    2   -0.001213    0.000621
    0   -2    2    1    3    0.000578   -0.001206
    0   -2    2    2    3   -0.001213   -0.000621
    0   -2    2    3    3    0.004432    0.000000
    0   -1   -2    1    1   -0.022165   -0.000006
    0   -1   -2    2    1    0.006538    0.000260
    0   -1   -2    3    1   -0.000135    0.001036
    0   -1   -2    1    2    0.006549   -0.000258
    0   -1   -2    2    2   -0.000999    0.000002
    0   -1   -2    3    2   -0.001411    0.000359
    0   -1   -2    1    3   -0.000136   -0.001066
    0   -1   -2    2    3   -0.001439   -0.000343
    0   -1   -2    3    3    0.003967    0.000004
    0   -1   -1    1    1   -0.078640    0.000009
    0   -1   -1    2    1    0.022670    0.001102
    0   -1   -1    3    1    0.010293   -0.000609
    0   -1   -1    1    2    0.022648   -0.001075
    0   -1   -1    2    2    0.004229   -0.000000
    0   -1   -1    3    2   -0.010851   -0.000534
    0   -1   -1    1    3    0.010348    0.000658
    0   -1   -1    2    3   -0.010758    0.000524
    0   -1   -1    3    3    0.001572   -0.000008
    0   -1    0    1    1   -0.242497   -0.000002
    0   -1    0    2    1    0.058354    0.003506
    0   -1    0    3    1   -0.005108   -0.000535
    0   -1    0    1    2    0.058363   -0.003480
    0   -1    0    2    2   -0.048530    0.000002
    0   -1    0    3    2   -0.013004   -0.005536
    0   -1    0    1    3   -0.005117    0.000548
    0   -1    0    2    3   -0.013016    0.005534
    0   -1    0    3    3   -0.255076   -0.000000
    0   -1    1    1    1   -0.077473   -0.000006
    0   -1    1    2    1    0.024910    0.001191
    0   -1    1    3    1    0.014806   -0.000435
    0   -1    1    1    2    0.024908   -0.001221
    0   -1    1    2    2    0.004970    0.000014
    0   -1    1    3    2    0.006158   -0.000652
    0   -1    1    1    3    0.014808    0.000479
    0   -1    1    2    3    0.006217    0.000629
    0   -1    1    3    3   -0.000336   -0.000008
    0   -1    2    1    1   -0.022165   -0.000006
    0   -1    2    2    1    0.006538    0.000260
    0   -1    2    3    1   -0.000135    0.001036
    0   -1    2    1    2    0.006549   -0.000258
    0   -1    2    2    2   -0.000999    0.000002
    0   -1    2    3    2   -0.001411    0.000359
    0   -1    2    1    3   -0.000136   -0.001066
    0   -1    2    2    3   -0.001439   -0.000343
    0   -1    2    3    3    0.003967    0.000004
    0    0   -2    1    1    0.013204    0.000000
    0    0   -2    2    1   -0.001243   -0.000145
    0    0   -2    3    1   -0.004758    0.000833
    0    0   -2    1    2   -0.001243    0.000145
    0    0   -2    2    2    0.008141    0.000000
    0    0   -2    3    2   -0.000622    0.000299
    0    0   -2    1    3   -0.004758   -0.000833
    0    0   -2    2    3   -0.000622   -0.000299
    0    0   -2    3    3    0.004815    0.000000
    0    0   -1    1    1   -0.257032   -0.000003
    0    0   -1    2    1    0.001577   -0.000730
    0    0   -1    3    1    0.031641    0.002033
    0    0   -1    1    2    0.001589    0.000725
    0    0   -1    2    2   -0.254587    0.000000
    0    0   -1    3    2    0.005572    0.005505
    0    0   -1    1    3    0.031656   -0.002031
    0    0   -1    2    3    0.005555   -0.005513
    0    0   -1    3    3   -0.034484    0.000003
    0    0    0    1    1    8.642579   -0.000000
    0    0    0    2    1    0.000368   -0.000021
    0    0    0    3    1   -0.001852    0.001352
    0    0    0    1    2    0.000368    0.000021
    0    0    0    2    2    8.634926    0.000000
    0    0    0    3    2   -0.000892    0.000439
    0    0    0    1    3   -0.001852   -0.001352
    0    0    0    2    3   -0.000892   -0.000439
    0    0    0    3    3    8.644632    0.000000
    0    0    1    1    1   -0.257032    0.000003
    0    0    1    2    1    0.001589   -0.000725
    0    0    1    3    1    0.031656    0.002031
    0    0    1    1    2    0.001577    0.000730
    0    0    1    2    2   -0.254587   -0.000000
    0    0    1    3    2    0.005555    0.005513
    0    0    1    1    3    0.031641   -0.002033
    0    0    1    2    3    0.005572   -0.005505
    0    0    1    3    3   -0.034484   -0.000003
    0    0    2    1    1    0.013204   -0.000000
    0    0    2    2    1   -0.001243   -0.000145
    0    0    2    3    1   -0.004758    0.000833
    0    0    2    1    2   -0.001243    0.000145
    0    0    2    2    2    0.008141   -0.000000
    0    0    2    3    2   -0.000622    0.000299
    0    0    2    1    3   -0.004758   -0.000833
    0    0    2    2    3   -0.000622   -0.000299
    0    0    2    3    3    0.004815   -0.000000
    0    1   -2    1    1   -0.022165    0.000006
    0    1   -2    2    1    0.006549    0.000258
    0    1   -2    3    1   -0.000136    0.001066
    0    1   -2    1    2    0.006538   -0.000260
    0    1   -2    2    2   -0.000999   -0.000002
    0    1   -2    3    2   -0.001439    0.000343
    0    1   -2    1    3   -0.000135   -0.001036
    0    1   -2    2    3   -0.001411   -0.000359
    0    1   -2    3    3    0.003967   -0.000004
    0    1   -1    1    1   -0.077473    0.000006
    0    1   -1    2    1    0.024908    0.001221
    0    1   -1    3    1    0.014808   -0.000479
    0    1   -1    1    2    0.024910   -0.001191
    0    1   -1    2    2    0.004970   -0.000014
    0    1   -1    3    2    0.006217   -0.000629
    0    1   -1    1    3    0.014806    0.000435
    0    1   -1    2    3    0.006158    0.000652
    0    1   -1    3    3   -0.000336    0.000008
    0    1    0    1    1   -0.242497    0.000002
    0    1    0    2    1    0.058363    0.003480
    0    1    0    3    1   -0.005117   -0.000548
    0    1    0    1    2    0.058354   -0.003506
    0    1    0    2    2   -0.048530   -0.000002
    0    1    0    3    2   -0.013016   -0.005534
    0    1    0    1    3   -0.005108    0.000535
    0    1    0    2    3   -0.013004    0.005536
    0    1    0    3    3   -0.255076    0.000000
    0    1    1    1    1   -0.078640   -0.000009
    0    1    1    2    1    0.022648    0.001075
    0    1    1    3    1    0.010348   -0.000658
    0    1    1    1    2    0.022670   -0.001102
    0    1    1    2    2    0.004229    0.000000
    0    1    1    3    2   -0.010758   -0.000524
    0    1    1    1    3    0.010293    0.000609
    0    1    1    2    3   -0.010851    0.000534
    0    1    1    3    3    0.001572    0.000008
    0    1    2    1    1   -0.022165    0.000006
    0    1    2    2    1    0.006549    0.000258
    0    1    2    3    1   -0.000136    0.001066
    0    1    2    1    2    0.006538   -0.000260
    0    1    2    2    2   -0.000999   -0.000002
    0    1    2    3    2   -0.001439    0.000343
    0    1    2    1    3   -0.000135   -0.001036
    0    1    2    2    3   -0.001411   -0.000359
    0    1    2    3    3    0.003967   -0.000004
    0    2   -2    1    1   -0.024892    0.000000
    0    2   -2    2    1    0.005914    0.000152
    0    2   -2    3    1    0.000578    0.001206
    0    2   -2    1    2    0.005914   -0.000152
    0    2   -2    2    2   -0.006005    0.000000
    0    2   -2    3    2   -0.001213    0.000621
    0    2   -2    1    3    0.000578   -0.001206
    0    2   -2    2    3   -0.001213   -0.000621
    0    2   -2    3    3    0.004432    0.000000
    0    2   -1    1    1   -0.023808   -0.000005
    0    2   -1    2    1    0.007385    0.000314
    0    2   -1    3    1    0.005926   -0.000840
    0    2   -1    1    2    0.007390   -0.000329
    0    2   -1    2    2    0.003236    0.000005
    0    2   -1    3    2   -0.000158   -0.000390
    0    2   -1    1    3    0.005950    0.000844
    0    2   -1    2    3   -0.000158    0.000391
    0    2   -1    3    3    0.001376   -0.000000
    0    2    0    1    1    0.013397   -0.000000
    0    2    0    2    1   -0.003606   -0.000304
    0    2    0    3    1   -0.001724    0.001349
    0    2    0    1    2   -0.003606    0.000304
    0    2    0    2    2   -0.004046   -0.000000
    0    2    0    3    2    0.000074    0.000790
    0    2    0    1    3   -0.001724   -0.001349
    0    2    0    2    3    0.000074   -0.000790
    0    2    0    3    3    0.016809   -0.000000
    0    2    1    1    1   -0.023808    0.000005
    0    2    1    2    1    0.007390    0.000329
    0    2    1    3    1    0.005950   -0.000844
    0    2    1    1    2    0.007385   -0.000314
    0    2    1    2    2    0.003236   -0.000005
    0    2    1    3    2   -0.000158   -0.000391
    0    2    1    1    3    0.005926    0.000840
    0    2    1    2    3   -0.000158    0.000390
    0    2    1    3    3    0.001376    0.000000
    0    2    2    1    1   -0.024892    0.000000
    0    2    2    2    1    0.005914    0.000152
    0    2    2    3    1    0.000578    0.001206
    0    2    2    1    2    0.005914   -0.000152
    0    2    2    2    2   -0.006005    0.000000
    0    2    2    3    2   -0.001213    0.000621
    0    2    2    1    3    0.000578   -0.001206
    0    2    2    2    3   -0.001213   -0.000621
    0    2    2    3    3    0.004432    0.000000
    1   -2   -2    1    1   -0.004569   -0.000010
    1   -2   -2    2    1    0.002180    0.000217
    1   -2   -2    3    1    0.002480   -0.001303
    1   -2   -2    1    2    0.002199   -0.000228
    1   -2   -2    2    2    0.004164    0.000004
    1   -2   -2    3    2    0.000278   -0.000775
    1   -2   -2    1    3    0.002505    0.001263
    1   -2   -2    2    3    0.000246    0.000808
    1   -2   -2    3    3   -0.004316    0.000006
    1   -2   -1    1    1   -0.001305    0.000001
    1   -2   -1    2    1   -0.000352   -0.000178
    1   -2   -1    3    1   -0.000412    0.001347
    1   -2   -1    1    2   -0.000357    0.000160
    1   -2   -1    2    2   -0.005054    0.000005
    1   -2   -1    3    2   -0.001103    0.000680
    1   -2   -1    1    3   -0.000478   -0.001302
    1   -2   -1    2    3   -0.001049   -0.000712
    1   -2   -1    3    3    0.000689   -0.000006
    1   -2    0    1    1    0.003590   -0.000007
    1   -2    0    2    1   -0.001067    0.000041
    1   -2    0    3    1   -0.002286   -0.001877
    1   -2    0    1    2   -0.001047   -0.000033
    1   -2    0    2    2    0.005687    0.000001
    1   -2    0    3    2    0.000426   -0.001288
    1   -2    0    1    3   -0.002257    0.001831
    1   -2    0    2    3    0.000403    0.001305
    1   -2    0    3    3   -0.028473    0.000006
    1   -2    1    1    1   -0.002156    0.000002
    1   -2    1    2    1   -0.000301   -0.000069
    1   -2    1    3    1   -0.003518    0.001346
    1   -2    1    1    2   -0.000300    0.000046
    1   -2    1    2    2   -0.005018    0.000006
    1   -2    1    3    2   -0.000182    0.000653
    1   -2    1    1    3   -0.003553   -0.001291
    1   -2    1    2    3   -0.000145   -0.000690
    1   -2    1    3    3    0.001504   -0.000008
    1   -2    2    1    1   -0.004569   -0.000010
    1   -2    2    2    1    0.002180    0.000217
    1   -2    2    3    1    0.002480   -0.001303
    1   -2    2    1    2    0.002199   -0.000228
    1   -2    2    2    2    0.004164    0.000004
    1   -2    2    3    2    0.000278   -0.000775
    1   -2    2    1    3    0.002505    0.001263
    1   -2    2    2    3    0.000246    0.000808
    1   -2    2    3    3   -0.004316    0.000006
    1   -1   -2    1    1   -0.004373   -0.000012
    1   -1   -2    2    1   -0.000222    0.000186
    1   -1   -2    3    1    0.002641   -0.001191
    1   -1   -2    1    2   -0.000201   -0.000201
    1   -1   -2    2    2    0.002751    0.000007
    1   -1   -2    3    2    0.000612   -0.000673
    1   -1   -2    1    3    0.002677    0.001152
    1   -1   -2    2    3    0.000595    0.000714
    1   -1   -2    3    3   -0.004048    0.000005
    1   -1   -1    1    1   -0.005800   -0.000005
    1   -1   -1    2    1   -0.004036   -0.000194
    1   -1   -1    3    1    0.000401    0.001380
    1   -1   -1    1    2   -0.004012    0.000148
    1   -1   -1    2    2   -0.009361    0.000018
    1   -1   -1    3    2   -0.004085    0.000683
    1   -1   -1    1    3    0.000302   -0.001317
    1   -1   -1    2    3   -0.004008   -0.000712
    1   -1   -1    3    3   -0.002338   -0.000013
    1   -1    0    1    1   -0.001608   -0.000052
    1   -1    0    2    1   -0.007783    0.000281
    1   -1    0    3    1   -0.009075   -0.002471
    1   -1    0    1    2   -0.007683   -0.000417
    1   -1    0    2    2    0.015866    0.000046
    1   -1    0    3    2   -0.000102   -0.002907
    1   -1    0    1    3   -0.009052    0.002423
    1   -1    0    2    3   -0.000141    0.003064
    1   -1    0    3    3   -0.087098    0.000006
    1   -1    1    1    1   -0.006955   -0.000010
    1   -1    1    2    1   -0.003196    0.000021
    1   -1    1    3    1   -0.003832    0.001433
    1   -1    1    1    2   -0.003162   -0.000090
    1   -1    1    2    2   -0.009049    0.000013
    1   -1    1    3    2    0.003514    0.000601
    1   -1    1    1    3   -0.003887   -0.001367
    1   -1    1    2    3    0.003562   -0.000633
    1   -1    1    3    3   -0.001494   -0.000004
    1   -1    2    1    1   -0.004373   -0.000012
    1   -1    2    2    1   -0.000222    0.000186
    1   -1    2    3    1    0.002641   -0.001191
    1   -1    2    1    2   -0.000201   -0.000201
    1   -1    2    2    2    0.002751    0.000007
    1   -1    2    3    2    0.000612   -0.000673
    1   -1    2    1    3    0.002677    0.001152
    1   -1    2    2    3    0.000595    0.000714
    1   -1    2    3    3   -0.004048    0.000005
    1    0   -2    1    1    0.003028   -0.000011
    1    0   -2    2    1   -0.006537   -0.000311
    1    0   -2    3    1    0.001982   -0.001033
    1    0   -2    1    2   -0.006513    0.000301
    1    0   -2    2    2   -0.018236    0.000004
    1    0   -2    3    2    0.001911    0.000029
    1    0   -2    1    3    0.002029    0.000981
    1    0   -2    2    3    0.001856    0.000022
    1    0   -2    3    3   -0.003988    0.000008
    1    0   -1    1    1    0.003070   -0.000005
    1    0   -1    2    1   -0.023527   -0.001732
    1    0   -1    3    1    0.007486    0.001965
    1    0   -1    1    2   -0.023531    0.001676
    1    0   -1    2    2   -0.083443    0.000011
    1    0   -1    3    2    0.001601    0.003048
    1    0   -1    1    3    0.007356   -0.001909
    1    0   -1    2    3    0.001707   -0.003173
    1    0   -1    3    3    0.007533   -0.000006
    1    0    0    1    1   -0.047692   -0.000004
    1    0    0    2    1   -0.059212   -0.002829
    1    0    0    3    1   -0.024477   -0.002717
    1    0    0    1    2   -0.059199    0.002835
    1    0    0    2    2   -0.237880   -0.000004
    1    0    0    3    2    0.008164   -0.000459
    1    0    0    1    3   -0.024439    0.002659
    1    0    0    2    3    0.008120    0.000496
    1    0    0    3    3   -0.260532    0.000008
    1    0    1    1    1   -0.001258    0.000009
    1    0    1    2    1   -0.023288   -0.001182
    1    0    1    3    1   -0.009137    0.001968
    1    0    1    1    2   -0.023311    0.001171
    1    0    1    2    2   -0.083245   -0.000003
    1    0    1    3    2    0.006366    0.002895
    1    0    1    1    3   -0.009236   -0.001913
    1    0    1    2    3    0.006465   -0.003028
    1    0    1    3    3    0.011663   -0.000006
    1    0    2    1    1    0.003028   -0.000011
    1    0    2    2    1   -0.006537   -0.000311
    1    0    2    3    1    0.001982   -0.001033
    1    0    2    1    2   -0.006513    0.000301
    1    0    2    2    2   -0.018236    0.000004
    1    0    2    3    2    0.001911    0.000029
    1    0    2    1    3    0.002029    0.000981
    1    0    2    2    3    0.001856    0.000022
    1    0    2    3    3   -0.003988    0.000008
    1    1   -2    1    1   -0.002715   -0.000011
    1    1   -2    2    1    0.002622    0.000173
    1    1   -2    3    1    0.002371   -0.001297
    1    1   -2    1    2    0.002641   -0.000182
    1    1   -2    2    2    0.001050    0.000002
    1    1   -2    3    2    0.000316   -0.000675
    1    1   -2    1    3    0.002399    0.001248
    1    1   -2    2    3    0.000256    0.000709
    1    1   -2    3    3   -0.004005    0.000009
    1    1   -1    1    1   -0.002371   -0.000004
    1    1   -1    2    1    0.002030   -0.000182
    1    1   -1    3    1    0.001435    0.001263
    1    1   -1    1    2    0.002018    0.000143
    1    1   -1    2    2   -0.012237    0.000007
    1    1   -1    3    2    0.001252    0.000658
    1    1   -1    1    3    0.001350   -0.001204
    1    1   -1    2    3    0.001309   -0.000683
    1    1   -1    3    3   -0.002890   -0.000003
    1    1    0    1    1    0.007276   -0.000018
    1    1    0    2    1    0.007414    0.000287
    1    1    0    3    1   -0.010537   -0.002938
    1    1    0    1    2    0.007478   -0.000349
    1    1    0    2    2    0.006752    0.000021
    1    1    0    3    2   -0.001789   -0.002899
    1    1    0    1    3   -0.010516    0.002967
    1    1    0    2    3   -0.001883    0.003013
    1    1    0    3    3   -0.086868   -0.000003
    1    1    1    1    1   -0.004295   -0.000007
    1    1    1    2    1    0.001365   -0.000034
    1    1    1    3    1   -0.005858    0.001197
    1    1    1    1    2    0.001364   -0.000023
    1    1    1    2    2   -0.012415    0.000021
    1    1    1    3    2   -0.002973    0.000639
    1    1    1    1    3   -0.005929   -0.001128
    1    1    1    2    3   -0.002938   -0.000677
    1    1    1    3    3   -0.000789   -0.000014
    1    1    2    1    1   -0.002715   -0.000011
    1    1    2    2    1    0.002622    0.000173
    1    1    2    3    1    0.002371   -0.001297
    1    1    2    1    2    0.002641   -0.000182
    1    1    2    2    2    0.001050    0.000002
    1    1    2    3    2    0.000316   -0.000675
    1    1    2    1    3    0.002399    0.001248
    1    1    2    2    3    0.000256    0.000709
    1    1    2    3    3   -0.004005    0.000009
    1    2   -2    1    1   -0.004569   -0.000010
    1    2   -2    2    1    0.002180    0.000217
    1    2   -2    3    1    0.002480   -0.001303
    1    2   -2    1    2    0.002199   -0.000228
    1    2   -2    2    2    0.004164    0.000004
    1    2   -2    3    2    0.000278   -0.000775
    1    2   -2    1    3    0.002505    0.001263
    1    2   -2    2    3    0.000246    0.000808
    1    2   -2    3    3   -0.004316    0.000006
    1    2   -1    1    1   -0.001305    0.000001
    1    2   -1    2    1   -0.000352   -0.000178
    1    2   -1    3    1   -0.000412    0.001347
    1    2   -1    1    2   -0.000357    0.000160
    1    2   -1    2    2   -0.005054    0.000005
    1    2   -1    3    2   -0.001103    0.000680
    1    2   -1    1    3   -0.000478   -0.001302
    1    2   -1    2    3   -0.001049   -0.000712
    1    2   -1    3    3    0.000689   -0.000006
    1    2    0    1    1    0.003590   -0.000007
    1    2    0    2    1   -0.001067    0.000041
    1    2    0    3    1   -0.002286   -0.001877
    1    2    0    1    2   -0.001047   -0.000033
    1    2    0    2    2    0.005687    0.000001
    1    2    0    3    2    0.000426   -0.001288
    1    2    0    1    3   -0.002257    0.001831
    1    2    0    2    3    0.000403    0.001305
    1    2    0    3    3   -0.028473    0.000006
    1    2    1    1    1   -0.002156    0.000002
    1    2    1    2    1   -0.000301   -0.000069
    1    2    1    3    1   -0.003518    0.001346
    1    2    1    1    2   -0.000300    0.000046
    1    2    1    2    2   -0.005018    0.000006
    1    2    1    3    2   -0.000182    0.000653
    1    2    1    1    3   -0.003553   -0.001291
    1    2    1    2    3   -0.000145   -0.000690
    1    2    1    3    3    0.001504   -0.000008
    1    2    2    1    1   -0.004569   -0.000010
    1    2    2    2    1    0.002180    0.000217
    1    2    2    3    1    0.002480   -0.001303
    1    2    2    1    2    0.002199   -0.000228
    1    2    2    2    2    0.004164    0.000004
    1    2    2    3    2    0.000278   -0.000775
    1    2    2    1    3    0.002505    0.001263
    1    2    2    2    3    0.000246    0.000808
    1    2    2    3    3   -0.004316    0.000006
    2   -2   -2    1    1    0.000365    0.000000
    2   -2   -2    2    1   -0.001218   -0.000172
    2   -2   -2    3    1   -0.001920    0.001416
    2   -2   -2    1    2   -0.001218    0.000172
    2   -2   -2    2    2   -0.005161    0.000000
    2   -2   -2    3    2   -0.000405    0.000786
    2   -2   -2    1    3   -0.001920   -0.001416
    2   -2   -2    2    3   -0.000405   -0.000786
    2   -2   -2    3    3    0.003483    0.000000
    2   -2   -1    1    1   -0.001333    0.000000
    2   -2   -1    2    1    0.001029    0.000170
    2   -2   -1    3    1    0.001282   -0.001540
    2   -2   -1    1    2    0.001030   -0.000176
    2   -2   -1    2    2    0.004550    0.000002
    2   -2   -1    3    2    0.000395   -0.000892
    2   -2   -1    1    3    0.001303    0.001546
    2   -2   -1    2    3    0.000397    0.000896
    2   -2   -1    3    3   -0.007939   -0.000002
    2   -2    0    1    1    0.001662    0.000000
    2   -2    0    2    1   -0.000677   -0.000009
    2   -2    0    3    1   -0.004771    0.001289
    2   -2    0    1    2   -0.000677    0.000009
    2   -2    0    2    2   -0.004491    0.000000
    2   -2    0    3    2   -0.001264    0.000057
    2   -2    0    1    3   -0.004771   -0.001289
    2   -2    0    2    3   -0.001264   -0.000057
    2   -2    0    3    3   -0.023637    0.000000
    2   -2    1    1    1   -0.001333   -0.000000
    2   -2    1    2    1    0.001030    0.000176
    2   -2    1    3    1    0.001303   -0.001546
    2   -2    1    1    2    0.001029   -0.000170
    2   -2    1    2    2    0.004550   -0.000002
    2   -2    1    3    2    0.000397   -0.000896
    2   -2    1    1    3    0.001282    0.001540
    2   -2    1    2    3    0.000395    0.000892
    2   -2    1    3    3   -0.007939    0.000002
    2   -2    2    1    1    0.000365    0.000000
    2   -2    2    2    1   -0.001218   -0.000172
    2   -2    2    3    1   -0.001920    0.001416
    2   -2    2    1    2   -0.001218    0.000172
    2   -2    2    2    2   -0.005161    0.000000
    2   -2    2    3    2   -0.000405    0.000786
    2   -2    2    1    3   -0.001920   -0.001416
    2   -2    2    2    3   -0.000405   -0.000786
    2   -2    2    3    3    0.003483    0.000000
    2   -1   -2    1    1    0.000268    0.000001
    2   -1   -2    2    1   -0.002155   -0.000218
    2   -1   -2    3    1   -0.001881    0.001438
    2   -1   -2    1    2   -0.002147    0.000215
    2   -1   -2    2    2   -0.008609   -0.000002
    2   -1   -2    3    2   -0.000220    0.000885
    2   -1   -2    1    3   -0.001884   -0.001441
    2   -1   -2    2    3   -0.000230   -0.000886
    2   -1   -2    3    3    0.003618    0.000001
    2   -1   -1    1    1   -0.001391    0.000001
    2   -1   -1    2    1    0.000004    0.000113
    2   -1   -1    3    1    0.000954   -0.001554
    2   -1   -1    1    2   -0.000001   -0.000125
    2   -1   -1    2    2    0.002207    0.000002
    2   -1   -1    3    2   -0.001007   -0.000784
    2   -1   -1    1    3    0.000984    0.001551
    2   -1   -1    2    3   -0.000984    0.000801
    2   -1   -1    3    3   -0.006486   -0.000003
    2   -1    0    1    1    0.001739    0.000017
    2   -1    0    2    1    0.001042    0.000160
    2   -1    0    3    1   -0.004149    0.001358
    2   -1    0    1    2    0.001050   -0.000156
    2   -1    0    2    2    0.000142   -0.000015
    2   -1    0    3    2   -0.001563   -0.000090
    2   -1    0    1    3   -0.004157   -0.001336
    2   -1    0    2    3   -0.001575    0.000082
    2   -1    0    3    3   -0.021077   -0.000002
    2   -1    1    1    1   -0.001177   -0.000000
    2   -1    1    2    1    0.000418    0.000141
    2   -1    1    3    1    0.001811   -0.001523
    2   -1    1    1    2    0.000412   -0.000143
    2   -1    1    2    2    0.002338   -0.000002
    2   -1    1    3    2    0.002178   -0.000810
    2   -1    1    1    3    0.001801    0.001512
    2   -1    1    2    3    0.002196    0.000813
    2   -1    1    3    3   -0.006831    0.000002
    2   -1    2    1    1    0.000268    0.000001
    2   -1    2    2    1   -0.002155   -0.000218
    2   -1    2    3    1   -0.001881    0.001438
    2   -1    2    1    2   -0.002147    0.000215
    2   -1    2    2    2   -0.008609   -0.000002
    2   -1    2    3    2   -0.000220    0.000885
    2   -1    2    1    3   -0.001884   -0.001441
    2   -1    2    2    3   -0.000230   -0.000886
    2   -1    2    3    3    0.003618    0.000001
    2    0   -2    1    1   -0.000371    0.000000
    2    0   -2    2    1   -0.008240   -0.000608
    2    0   -2    3    1   -0.001566    0.001637
    2    0   -2    1    2   -0.008240    0.000608
    2    0   -2    2    2   -0.030606   -0.000000
    2    0   -2    3    2    0.001031    0.001546
    2    0   -2    1    3   -0.001566   -0.001637
    2    0   -2    2    3    0.001031   -0.001546
    2    0   -2    3    3    0.004511    0.000000
    2    0   -1    1    1   -0.002658   -0.000000
    2    0   -1    2    1   -0.005383   -0.000304
    2    0   -1    3    1    0.002636   -0.001255
    2    0   -1    1    2   -0.005384    0.000293
    2    0   -1    2    2   -0.018425    0.000004
    2    0   -1    3    2    0.001908    0.000086
    2    0   -1    1    3    0.002653    0.001257
    2    0   -1    2    3    0.001912   -0.000071
    2    0   -1    3    3    0.001886   -0.000004
    2    0    0    1    1    0.003489   -0.000000
    2    0    0    2    1    0.003432    0.000135
    2    0    0    3    1    0.000792    0.001886
    2    0    0    1    2    0.003432   -0.000135
    2    0    0    2    2    0.006366   -0.000000
    2    0    0    3    2   -0.001384    0.000787
    2    0    0    1    3    0.000792   -0.001886
    2    0    0    2    3   -0.001384   -0.000787
    2    0    0    3    3    0.016306   -0.000000
    2    0    1    1    1   -0.002658    0.000000
    2    0    1    2    1   -0.005384   -0.000293
    2    0    1    3    1    0.002653   -0.001257
    2    0    1    1    2   -0.005383    0.000304
    2    0    1    2    2   -0.018425   -0.000004
    2    0    1    3    2    0.001912    0.000071
    2    0    1    1    3    0.002636    0.001255
    2    0    1    2    3    0.001908   -0.000086
    2    0    1    3    3    0.001886    0.000004
    2    0    2    1    1   -0.000371    0.000000
    2    0    2    2    1   -0.008240   -0.000608
    2    0    2    3    1   -0.001566    0.001637
    2    0    2    1    2   -0.008240    0.000608
    2    0    2    2    2   -0.030606   -0.000000
    2    0    2    3    2    0.001031    0.001546
    2    0    2    1    3   -0.001566   -0.001637
    2    0    2    2    3    0.001031   -0.001546
    2    0    2    3    3    0.004511    0.000000
    2    1   -2    1    1    0.000268   -0.000001
    2    1   -2    2    1   -0.002147   -0.000215
    2    1   -2    3    1   -0.001884    0.001441
    2    1   -2    1    2   -0.002155    0.000218
    2    1   -2    2    2   -0.008609    0.000002
    2    1   -2    3    2   -0.000230    0.000886
    2    1   -2    1    3   -0.001881   -0.001438
    2    1   -2    2    3   -0.000220   -0.000885
    2    1   -2    3    3    0.003618   -0.000001
    2    1   -1    1    1   -0.001177    0.000000
    2    1   -1    2    1    0.000412    0.000143
    2    1   -1    3    1    0.001801   -0.001512
    2    1   -1    1    2    0.000418   -0.000141
    2    1   -1    2    2    0.002338    0.000002
    2    1   -1    3    2    0.002196   -0.000813
    2    1   -1    1    3    0.001811    0.001523
    2    1   -1    2    3    0.002178    0.000810
    2    1   -1    3    3   -0.006831   -0.000002
    2    1    0    1    1    0.001739   -0.000017
    2    1    0    2    1    0.001050    0.000156
    2    1    0    3    1   -0.004157    0.001336
    2    1    0    1    2    0.001042   -0.000160
    2    1    0    2    2    0.000142    0.000015
    2    1    0    3    2   -0.001575   -0.000082
    2    1    0    1    3   -0.004149   -0.001358
    2    1    0    2    3   -0.001563    0.000090
    2    1    0    3    3   -0.021077    0.000002
    2    1    1    1    1   -0.001391   -0.000001
    2    1    1    2    1   -0.000001    0.000125
    2    1    1    3    1    0.000984   -0.001551
    2    1    1    1    2    0.000004   -0.000113
    2    1    1    2    2    0.002207   -0.000002
    2    1    1    3    2   -0.000984   -0.000801
    2    1    1    1    3    0.000954    0.001554
    2    1    1    2    3   -0.001007    0.000784
    2    1    1    3    3   -0.006486    0.000003
    2    1    2    1    1    0.000268   -0.000001
    2    1    2    2    1   -0.002147   -0.000215
    2    1    2    3    1   -0.001884    0.001441
    2    1    2    1    2   -0.002155    0.000218
    2    1    2    2    2   -0.008609    0.000002
    2    1    2    3    2   -0.000230    0.000886
    2    1    2    1    3   -0.001881   -0.001438
    2    1    2    2    3   -0.000220   -0.000885
    2    1    2    3    3    0.003618   -0.000001
    2    2   -2    1    1    0.000365    0.000000
    2    2   -2    2    1   -0.001218   -0.000172
    2    2   -2    3    1   -0.001920    0.001416
    2    2   -2    1    2   -0.001218    0.000172
    2    2   -2    2    2   -0.005161    0.000000
    2    2   -2    3    2   -0.000405    0.000786
    2    2   -2    1    3   -0.001920   -0.001416
    2    2   -2    2    3   -0.000405   -0.000786
    2    2   -2    3    3    0.003483    0.000000
    2    2   -1    1    1   -0.001333    0.000000
    2    2   -1    2    1    0.001029    0.000170
    2    2   -1    3    1    0.001282   -0.001540
    2    2   -1    1    2    0.001030   -0.000176
    2    2   -1    2    2    0.004550    0.000002
    2    2   -1    3    2    0.000395   -0.000892
    2    2   -1    1    3    0.001303    0.001546
    2    2   -1    2    3    0.000397    0.000896
    2    2   -1    3    3   -0.007939   -0.000002
    2    2    0    1    1    0.001662    0.000000
    2    2    0    2    1   -0.000677   -0.000009
    2    2    0    3    1   -0.004771    0.001289
    2    2    0    1    2   -0.000677    0.000009
    2    2    0    2    2   -0.004491    0.000000
    2    2    0    3    2   -0.001264    0.000057
    2    2    0    1    3   -0.004771   -0.001289
    2    2    0    2    3   -0.001264   -0.000057
    2    2    0    3    3   -0.023637    0.000000
    2    2    1    1    1   -0.001333   -0.000000
    2    2    1    2    1    0.001030    0.000176
    2    2    1    3    1    0.001303   -0.001546
    2    2    1    1    2    0.001029   -0.000170
    2    2    1    2    2    0.004550   -0.000002
    2    2    1    3    2    0.000397   -0.000896
    2    2    1    1    3    0.001282    0.001540
    2    2    1    2    3    0.000395    0.000892
    2    2    1    3    3   -0.007939    0.000002
    2    2    2    1    1    0.000365    0.000000
    2    2    2    2    1   -0.001218   -0.000172
    2    2    2    3    1   -0.001920    0.001416
    2    2    2    1    2   -0.001218    0.000172
    2    2    2    2    2   -0.005161    0.000000
    2    2    2    3    2   -0.000405    0.000786
    2    2    2    1    3   -0.001920   -0.001416
    2    2    2    2    3   -0.000405   -0.000786
    2    2    2    3    3    0.003483    0.000000
