  0.00000000E+00  0.28173798E+01
  0.17404719E-01  0.28190575E+01
  0.34809439E-01  0.28240871E+01
  0.52214158E-01  0.28324586E+01
  0.69618877E-01  0.28441550E+01
  0.87023596E-01  0.28591524E+01
  0.10442832E+00  0.28774202E+01
  0.12183303E+00  0.28989210E+01
  0.13923775E+00  0.29236108E+01
  0.15664247E+00  0.29514386E+01
  0.17404719E+00  0.29823470E+01
  0.19145191E+00  0.30162719E+01
  0.20885663E+00  0.30531426E+01
  0.22626135E+00  0.30928823E+01
  0.24366607E+00  0.31354075E+01
  0.26107079E+00  0.31806292E+01
  0.27847551E+00  0.32284520E+01
  0.29588023E+00  0.32787755E+01
  0.31328495E+00  0.33314935E+01
  0.33068967E+00  0.33864953E+01
  0.34809439E+00  0.34436655E+01
  0.36549910E+00  0.35028846E+01
  0.38290382E+00  0.35640297E+01
  0.40030854E+00  0.36269750E+01
  0.41771326E+00  0.36915920E+01
  0.43511798E+00  0.37577507E+01
  0.45252270E+00  0.38253203E+01
  0.46992742E+00  0.38941696E+01
  0.48733214E+00  0.39641679E+01
  0.50473686E+00  0.40351862E+01
  0.52214158E+00  0.41070976E+01
  0.53954630E+00  0.41797785E+01
  0.55695102E+00  0.42531096E+01
  0.57435574E+00  0.43269763E+01
  0.59176045E+00  0.44012703E+01
  0.60916517E+00  0.44758900E+01
  0.62656989E+00  0.45507413E+01
  0.64397461E+00  0.46257389E+01
  0.66137933E+00  0.47008061E+01
  0.67878405E+00  0.47758762E+01
  0.69618877E+00  0.48508922E+01
  0.71359349E+00  0.49258075E+01
  0.73099821E+00  0.50005854E+01
  0.74840293E+00  0.50751991E+01
  0.76580765E+00  0.51496311E+01
  0.78321237E+00  0.52238720E+01
  0.80061709E+00  0.52979196E+01
  0.81802180E+00  0.53717769E+01
  0.83542652E+00  0.54454501E+01
  0.85283124E+00  0.55189463E+01
  0.87023596E+00  0.55922706E+01
  0.88764068E+00  0.56654230E+01
  0.90504540E+00  0.57383951E+01
  0.92245012E+00  0.58111666E+01
  0.93985484E+00  0.58837019E+01
  0.95725956E+00  0.59559468E+01
  0.97466428E+00  0.60278253E+01
  0.99206900E+00  0.60992378E+01
  0.10094737E+01  0.61700590E+01
  0.10268784E+01  0.62401378E+01
  0.10442832E+01  0.63092978E+01
  0.10616879E+01  0.63773398E+01
  0.10790926E+01  0.64440449E+01
  0.10964973E+01  0.65091803E+01
  0.11139020E+01  0.65725053E+01
  0.11313068E+01  0.66337792E+01
  0.11487115E+01  0.66927687E+01
  0.11661162E+01  0.67492567E+01
  0.11835209E+01  0.68030496E+01
  0.12009256E+01  0.68539838E+01
  0.12183303E+01  0.69019310E+01
  0.12357351E+01  0.69468014E+01
  0.12531398E+01  0.69885451E+01
  0.12705445E+01  0.70271515E+01
  0.12879492E+01  0.70626477E+01
  0.13053539E+01  0.70950946E+01
  0.13227587E+01  0.71245829E+01
  0.13401634E+01  0.71512284E+01
  0.13575681E+01  0.71751673E+01
  0.13749728E+01  0.71965507E+01
  0.13923775E+01  0.72155408E+01
  0.14097823E+01  0.72323064E+01
  0.14271870E+01  0.72470194E+01
  0.14445917E+01  0.72598516E+01
  0.14619964E+01  0.72709725E+01
  0.14794011E+01  0.72805467E+01
  0.14968059E+01  0.72887325E+01
  0.15142106E+01  0.72956807E+01
  0.15316153E+01  0.73015333E+01
  0.15490200E+01  0.73064231E+01
  0.15664247E+01  0.73104730E+01
  0.15838295E+01  0.73137957E+01
  0.16012342E+01  0.73164934E+01
  0.16186389E+01  0.73186578E+01
  0.16360436E+01  0.73203698E+01
  0.16534483E+01  0.73216996E+01
  0.16708530E+01  0.73227065E+01
  0.16882578E+01  0.73234392E+01
  0.17056625E+01  0.73239356E+01
  0.17230672E+01  0.73242225E+01
  0.17404719E+01  0.73243164E+01
  0.17578766E+01  0.73250337E+01
  0.17752814E+01  0.73271827E+01
  0.17926861E+01  0.73307548E+01
  0.18100908E+01  0.73357360E+01
  0.18274955E+01  0.73421064E+01
  0.18449002E+01  0.73498408E+01
  0.18623050E+01  0.73589087E+01
  0.18797097E+01  0.73692744E+01
  0.18971144E+01  0.73808973E+01
  0.19145191E+01  0.73937320E+01
  0.19319238E+01  0.74077287E+01
  0.19493286E+01  0.74228331E+01
  0.19667333E+01  0.74389871E+01
  0.19841380E+01  0.74561289E+01
  0.20015427E+01  0.74741931E+01
  0.20189474E+01  0.74931113E+01
  0.20363522E+01  0.75128122E+01
  0.20537569E+01  0.75332219E+01
  0.20711616E+01  0.75542643E+01
  0.20885663E+01  0.75758611E+01
  0.21059710E+01  0.75979326E+01
  0.21233757E+01  0.76203971E+01
  0.21407805E+01  0.76431722E+01
  0.21581852E+01  0.76661739E+01
  0.21755899E+01  0.76893178E+01
  0.21929946E+01  0.77125188E+01
  0.22103993E+01  0.77356910E+01
  0.22278041E+01  0.77587484E+01
  0.22452088E+01  0.77816051E+01
  0.22626135E+01  0.78041746E+01
  0.22800182E+01  0.78263711E+01
  0.22974229E+01  0.78481085E+01
  0.23148277E+01  0.78693017E+01
  0.23322324E+01  0.78898657E+01
  0.23496371E+01  0.79097166E+01
  0.23670418E+01  0.79287714E+01
  0.23844465E+01  0.79469485E+01
  0.24018513E+01  0.79641680E+01
  0.24192560E+01  0.79803521E+01
  0.24366607E+01  0.79954255E+01
  0.24540654E+01  0.80093161E+01
  0.24714701E+01  0.80219555E+01
  0.24888749E+01  0.80332797E+01
  0.25062796E+01  0.80432298E+01
  0.25236843E+01  0.80517529E+01
  0.25410890E+01  0.80588023E+01
  0.25584937E+01  0.80643390E+01
  0.25758984E+01  0.80683314E+01
  0.25933032E+01  0.80707568E+01
  0.26107079E+01  0.80716009E+01
  0.26280417E+01  0.80722641E+01
  0.26453755E+01  0.80742499E+01
  0.26627093E+01  0.80775467E+01
  0.26800431E+01  0.80821351E+01
  0.26973769E+01  0.80879882E+01
  0.27147107E+01  0.80950710E+01
  0.27320445E+01  0.81033406E+01
  0.27493783E+01  0.81127460E+01
  0.27667120E+01  0.81232278E+01
  0.27840458E+01  0.81347172E+01
  0.28013796E+01  0.81471356E+01
  0.28187134E+01  0.81603927E+01
  0.28360472E+01  0.81743843E+01
  0.28533810E+01  0.81889878E+01
  0.28707148E+01  0.82040564E+01
  0.28880486E+01  0.82194071E+01
  0.29053824E+01  0.82348029E+01
  0.29227162E+01  0.82499201E+01
  0.29400500E+01  0.82642926E+01
  0.29573838E+01  0.82772200E+01
  0.29747176E+01  0.82876378E+01
  0.29920514E+01  0.82940264E+01
  0.30093852E+01  0.82946357E+01
  0.30267190E+01  0.82883046E+01
  0.30440528E+01  0.82752494E+01
  0.30613866E+01  0.82567413E+01
  0.30787204E+01  0.82341943E+01
  0.30960542E+01  0.82086939E+01
  0.31133880E+01  0.81809736E+01
  0.31307218E+01  0.81515218E+01
  0.31480556E+01  0.81206762E+01
  0.31653894E+01  0.80886854E+01
  0.31827231E+01  0.80557454E+01
  0.32000569E+01  0.80220207E+01
  0.32173907E+01  0.79876568E+01
  0.32347245E+01  0.79527866E+01
  0.32520583E+01  0.79175351E+01
  0.32693921E+01  0.78820208E+01
  0.32867259E+01  0.78463571E+01
  0.33040597E+01  0.78106528E+01
  0.33213935E+01  0.77750116E+01
  0.33387273E+01  0.77395324E+01
  0.33560611E+01  0.77043093E+01
  0.33733949E+01  0.76694314E+01
  0.33907287E+01  0.76349831E+01
  0.34080625E+01  0.76010443E+01
  0.34253963E+01  0.75676910E+01
  0.34427301E+01  0.75349958E+01
  0.34600639E+01  0.75030286E+01
  0.34773977E+01  0.74718568E+01
  0.34947315E+01  0.74415466E+01
  0.35120653E+01  0.74121630E+01
  0.35293991E+01  0.73837704E+01
  0.35467329E+01  0.73564330E+01
  0.35640667E+01  0.73302147E+01
  0.35814005E+01  0.73051792E+01
  0.35987342E+01  0.72813900E+01
  0.36160680E+01  0.72589097E+01
  0.36334018E+01  0.72378003E+01
  0.36507356E+01  0.72181220E+01
  0.36680694E+01  0.71999331E+01
  0.36854032E+01  0.71832894E+01
  0.37027370E+01  0.71682435E+01
  0.37200708E+01  0.71548442E+01
  0.37374046E+01  0.71431361E+01
  0.37547384E+01  0.71331589E+01
  0.37720722E+01  0.71249472E+01
  0.37894060E+01  0.71185298E+01
  0.38067398E+01  0.71139295E+01
  0.38240736E+01  0.71111626E+01
  0.38414074E+01  0.71102391E+01
  0.38587326E+01  0.71100940E+01
  0.38760578E+01  0.71096482E+01
  0.38933830E+01  0.71088700E+01
  0.39107082E+01  0.71077060E+01
  0.39280334E+01  0.71060808E+01
  0.39453586E+01  0.71038958E+01
  0.39626838E+01  0.71010281E+01
  0.39800090E+01  0.70973295E+01
  0.39973342E+01  0.70926247E+01
  0.40146594E+01  0.70867099E+01
  0.40319847E+01  0.70793512E+01
  0.40493099E+01  0.70702829E+01
  0.40666351E+01  0.70592066E+01
  0.40839603E+01  0.70457911E+01
  0.41012855E+01  0.70296731E+01
  0.41186107E+01  0.70104597E+01
  0.41359359E+01  0.69877339E+01
  0.41532611E+01  0.69610627E+01
  0.41705863E+01  0.69300096E+01
  0.41879115E+01  0.68941512E+01
  0.42052367E+01  0.68530982E+01
  0.42225619E+01  0.68065198E+01
  0.42398871E+01  0.67541699E+01
  0.42572123E+01  0.66959114E+01
  0.42745375E+01  0.66317365E+01
  0.42918627E+01  0.65617785E+01
  0.43091879E+01  0.64863133E+01
  0.43265131E+01  0.64057500E+01
  0.43438384E+01  0.63206104E+01
  0.43611636E+01  0.62315029E+01
  0.43784888E+01  0.61390913E+01
  0.43958140E+01  0.60440650E+01
  0.44131392E+01  0.59471111E+01
  0.44304644E+01  0.58488912E+01
  0.44477896E+01  0.57500245E+01
  0.44651148E+01  0.56510752E+01
  0.44824400E+01  0.55525452E+01
  0.44997652E+01  0.54548704E+01
  0.45170904E+01  0.53584202E+01
  0.45344156E+01  0.52634994E+01
  0.45517408E+01  0.51703507E+01
  0.45690660E+01  0.50791598E+01
  0.45863912E+01  0.49900599E+01
  0.46037164E+01  0.49031369E+01
  0.46210416E+01  0.48184350E+01
  0.46383669E+01  0.47359623E+01
  0.46556921E+01  0.46556959E+01
  0.46730173E+01  0.45775875E+01
  0.46903425E+01  0.45015683E+01
  0.47076677E+01  0.44275538E+01
  0.47249929E+01  0.43554483E+01
  0.47423181E+01  0.42851497E+01
  0.47596433E+01  0.42165526E+01
  0.47769685E+01  0.41495526E+01
  0.47942937E+01  0.40840494E+01
  0.48116189E+01  0.40199495E+01
  0.48289441E+01  0.39571690E+01
  0.48462693E+01  0.38956356E+01
  0.48635945E+01  0.38352904E+01
  0.48809197E+01  0.37760894E+01
  0.48982449E+01  0.37180044E+01
  0.49155701E+01  0.36610237E+01
  0.49328954E+01  0.36051524E+01
  0.49502206E+01  0.35504126E+01
  0.49675458E+01  0.34968425E+01
  0.49848710E+01  0.34444966E+01
  0.50021962E+01  0.33934441E+01
  0.50195214E+01  0.33437681E+01
  0.50368466E+01  0.32955643E+01
  0.50541718E+01  0.32489393E+01
  0.50714970E+01  0.32040093E+01
  0.50888222E+01  0.31608977E+01
  0.51061474E+01  0.31197339E+01
  0.51234726E+01  0.30806508E+01
  0.51407978E+01  0.30437831E+01
  0.51581230E+01  0.30092654E+01
  0.51754482E+01  0.29772299E+01
  0.51927734E+01  0.29478048E+01
  0.52100986E+01  0.29211123E+01
  0.52274238E+01  0.28972668E+01
  0.52447491E+01  0.28763734E+01
  0.52620743E+01  0.28585266E+01
  0.52793995E+01  0.28438084E+01
  0.52967247E+01  0.28322876E+01
  0.53140499E+01  0.28240188E+01
  0.53313751E+01  0.28190416E+01
  0.53487003E+01  0.28173798E+01
  0.53661570E+01  0.28190670E+01
  0.53836138E+01  0.28241216E+01
  0.54010705E+01  0.28325225E+01
  0.54185272E+01  0.28442347E+01
  0.54359839E+01  0.28592096E+01
  0.54534407E+01  0.28773857E+01
  0.54708974E+01  0.28986887E+01
  0.54883541E+01  0.29230326E+01
  0.55058109E+01  0.29503201E+01
  0.55232676E+01  0.29804437E+01
  0.55407243E+01  0.30132870E+01
  0.55581811E+01  0.30487249E+01
  0.55756378E+01  0.30866256E+01
  0.55930945E+01  0.31268515E+01
  0.56105512E+01  0.31692602E+01
  0.56280080E+01  0.32137064E+01
  0.56454647E+01  0.32600428E+01
  0.56629214E+01  0.33081217E+01
  0.56803782E+01  0.33577963E+01
  0.56978349E+01  0.34089226E+01
  0.57152916E+01  0.34613601E+01
  0.57327484E+01  0.35149740E+01
  0.57502051E+01  0.35696360E+01
  0.57676618E+01  0.36252263E+01
  0.57851186E+01  0.36816343E+01
  0.58025753E+01  0.37387605E+01
  0.58200320E+01  0.37965175E+01
  0.58374887E+01  0.38548310E+01
  0.58549455E+01  0.39136410E+01
  0.58724022E+01  0.39729029E+01
  0.58898589E+01  0.40325880E+01
  0.59073157E+01  0.40926845E+01
  0.59247724E+01  0.41531976E+01
  0.59422291E+01  0.42141502E+01
  0.59596859E+01  0.42755828E+01
  0.59771426E+01  0.43375531E+01
  0.59945993E+01  0.44001364E+01
  0.60120560E+01  0.44634242E+01
  0.60295128E+01  0.45275234E+01
  0.60469695E+01  0.45925558E+01
  0.60644262E+01  0.46586557E+01
  0.60818830E+01  0.47259688E+01
  0.60993397E+01  0.47946500E+01
  0.61167964E+01  0.48648609E+01
  0.61342532E+01  0.49367675E+01
  0.61517099E+01  0.50105371E+01
  0.61691666E+01  0.50863353E+01
  0.61866234E+01  0.51643228E+01
  0.62040801E+01  0.52446517E+01
  0.62215368E+01  0.53274617E+01
  0.62389935E+01  0.54128764E+01
  0.62564503E+01  0.55009994E+01
  0.62739070E+01  0.55919097E+01
  0.62913637E+01  0.56856578E+01
  0.63088205E+01  0.57822616E+01
  0.63262772E+01  0.58817016E+01
  0.63437339E+01  0.59839169E+01
  0.63611907E+01  0.60888012E+01
  0.63786474E+01  0.61961983E+01
  0.63961041E+01  0.63058990E+01
  0.64135609E+01  0.64176372E+01
  0.64310176E+01  0.65310874E+01
  0.64484743E+01  0.66458628E+01
  0.64659310E+01  0.67615143E+01
  0.64833878E+01  0.68775308E+01
  0.65008445E+01  0.69933419E+01
  0.65183012E+01  0.71083219E+01
  0.65357580E+01  0.72217967E+01
  0.65532147E+01  0.73330541E+01
  0.65706714E+01  0.74413563E+01
  0.65881282E+01  0.75459564E+01
  0.66055849E+01  0.76461178E+01
  0.66230416E+01  0.77411351E+01
  0.66404983E+01  0.78303579E+01
  0.66579551E+01  0.79132128E+01
  0.66754118E+01  0.79892237E+01
  0.66928685E+01  0.80580274E+01
  0.67103253E+01  0.81193810E+01
  0.67277820E+01  0.81731621E+01
  0.67452387E+01  0.82193597E+01
  0.67626955E+01  0.82580645E+01
  0.67801522E+01  0.82894605E+01
  0.67976089E+01  0.83138272E+01
  0.68150657E+01  0.83315501E+01
  0.68325224E+01  0.83431285E+01
  0.68499791E+01  0.83491683E+01
  0.68674358E+01  0.83503495E+01
  0.68848926E+01  0.83473751E+01
  0.69023493E+01  0.83409185E+01
  0.69198060E+01  0.83315835E+01
  0.69372628E+01  0.83198849E+01
  0.69547195E+01  0.83062445E+01
  0.69721762E+01  0.82909993E+01
  0.69896330E+01  0.82744131E+01
  0.70070897E+01  0.82566896E+01
  0.70245464E+01  0.82379838E+01
  0.70420031E+01  0.82184119E+01
  0.70594599E+01  0.81980590E+01
  0.70769166E+01  0.81769854E+01
  0.70943733E+01  0.81552316E+01
  0.71118301E+01  0.81328225E+01
  0.71292868E+01  0.81097712E+01
  0.71467435E+01  0.80860827E+01
  0.71642003E+01  0.80617581E+01
  0.71816570E+01  0.80367989E+01
  0.71991137E+01  0.80112114E+01
  0.72165705E+01  0.79850117E+01
  0.72340272E+01  0.79582295E+01
  0.72514839E+01  0.79309118E+01
  0.72689406E+01  0.79031237E+01
  0.72863974E+01  0.78749488E+01
  0.73038541E+01  0.78464867E+01
  0.73213108E+01  0.78178499E+01
  0.73387676E+01  0.77891594E+01
  0.73562243E+01  0.77605401E+01
  0.73736810E+01  0.77321174E+01
  0.73911378E+01  0.77040137E+01
  0.74085945E+01  0.76763459E+01
  0.74260512E+01  0.76492239E+01
  0.74435080E+01  0.76227499E+01
  0.74609647E+01  0.75970178E+01
  0.74784214E+01  0.75721132E+01
  0.74958781E+01  0.75481137E+01
  0.75133349E+01  0.75250896E+01
  0.75307916E+01  0.75031040E+01
  0.75482483E+01  0.74822136E+01
  0.75657051E+01  0.74624691E+01
  0.75831618E+01  0.74439159E+01
  0.76006185E+01  0.74265943E+01
  0.76180753E+01  0.74105403E+01
  0.76355320E+01  0.73957856E+01
  0.76529887E+01  0.73823582E+01
  0.76704454E+01  0.73702826E+01
  0.76879022E+01  0.73595801E+01
  0.77053589E+01  0.73502692E+01
  0.77228156E+01  0.73423652E+01
  0.77402724E+01  0.73358812E+01
  0.77577291E+01  0.73308275E+01
  0.77751858E+01  0.73272121E+01
  0.77926426E+01  0.73250406E+01
  0.78100993E+01  0.73243164E+01
  
  0.00000000E+00  0.91925594E+01
  0.17404719E-01  0.91923823E+01
  0.34809439E-01  0.91918489E+01
  0.52214158E-01  0.91909538E+01
  0.69618877E-01  0.91896879E+01
  0.87023596E-01  0.91880387E+01
  0.10442832E+00  0.91859902E+01
  0.12183303E+00  0.91835237E+01
  0.13923775E+00  0.91806176E+01
  0.15664247E+00  0.91772480E+01
  0.17404719E+00  0.91733887E+01
  0.19145191E+00  0.91690122E+01
  0.20885663E+00  0.91640897E+01
  0.22626135E+00  0.91585913E+01
  0.24366607E+00  0.91524871E+01
  0.26107079E+00  0.91457472E+01
  0.27847551E+00  0.91383423E+01
  0.29588023E+00  0.91302439E+01
  0.31328495E+00  0.91214251E+01
  0.33068967E+00  0.91118609E+01
  0.34809439E+00  0.91015283E+01
  0.36549910E+00  0.90904070E+01
  0.38290382E+00  0.90784796E+01
  0.40030854E+00  0.90657320E+01
  0.41771326E+00  0.90521533E+01
  0.43511798E+00  0.90377366E+01
  0.45252270E+00  0.90224788E+01
  0.46992742E+00  0.90063808E+01
  0.48733214E+00  0.89894480E+01
  0.50473686E+00  0.89716899E+01
  0.52214158E+00  0.89531204E+01
  0.53954630E+00  0.89337580E+01
  0.55695102E+00  0.89136255E+01
  0.57435574E+00  0.88927502E+01
  0.59176045E+00  0.88711636E+01
  0.60916517E+00  0.88489013E+01
  0.62656989E+00  0.88260029E+01
  0.64397461E+00  0.88025115E+01
  0.66137933E+00  0.87784737E+01
  0.67878405E+00  0.87539390E+01
  0.69618877E+00  0.87289591E+01
  0.71359349E+00  0.87035881E+01
  0.73099821E+00  0.86778812E+01
  0.74840293E+00  0.86518948E+01
  0.76580765E+00  0.86256855E+01
  0.78321237E+00  0.85993098E+01
  0.80061709E+00  0.85728238E+01
  0.81802180E+00  0.85462822E+01
  0.83542652E+00  0.85197386E+01
  0.85283124E+00  0.84932446E+01
  0.87023596E+00  0.84668500E+01
  0.88764068E+00  0.84406024E+01
  0.90504540E+00  0.84145474E+01
  0.92245012E+00  0.83887281E+01
  0.93985484E+00  0.83631855E+01
  0.95725956E+00  0.83379585E+01
  0.97466428E+00  0.83130839E+01
  0.99206900E+00  0.82885964E+01
  0.10094737E+01  0.82645287E+01
  0.10268784E+01  0.82409117E+01
  0.10442832E+01  0.82177744E+01
  0.10616879E+01  0.81951440E+01
  0.10790926E+01  0.81730459E+01
  0.10964973E+01  0.81515035E+01
  0.11139020E+01  0.81305383E+01
  0.11313068E+01  0.81101698E+01
  0.11487115E+01  0.80904157E+01
  0.11661162E+01  0.80712912E+01
  0.11835209E+01  0.80528093E+01
  0.12009256E+01  0.80349810E+01
  0.12183303E+01  0.80178146E+01
  0.12357351E+01  0.80013159E+01
  0.12531398E+01  0.79854886E+01
  0.12705445E+01  0.79703336E+01
  0.12879492E+01  0.79558496E+01
  0.13053539E+01  0.79420328E+01
  0.13227587E+01  0.79288773E+01
  0.13401634E+01  0.79163753E+01
  0.13575681E+01  0.79045173E+01
  0.13749728E+01  0.78932923E+01
  0.13923775E+01  0.78826881E+01
  0.14097823E+01  0.78726919E+01
  0.14271870E+01  0.78632904E+01
  0.14445917E+01  0.78544704E+01
  0.14619964E+01  0.78462189E+01
  0.14794011E+01  0.78385233E+01
  0.14968059E+01  0.78313719E+01
  0.15142106E+01  0.78247538E+01
  0.15316153E+01  0.78186593E+01
  0.15490200E+01  0.78130795E+01
  0.15664247E+01  0.78080067E+01
  0.15838295E+01  0.78034343E+01
  0.16012342E+01  0.77993565E+01
  0.16186389E+01  0.77957686E+01
  0.16360436E+01  0.77926664E+01
  0.16534483E+01  0.77900466E+01
  0.16708530E+01  0.77879066E+01
  0.16882578E+01  0.77862443E+01
  0.17056625E+01  0.77850580E+01
  0.17230672E+01  0.77843466E+01
  0.17404719E+01  0.77841095E+01
  0.17578766E+01  0.77844984E+01
  0.17752814E+01  0.77856655E+01
  0.17926861E+01  0.77876119E+01
  0.18100908E+01  0.77903394E+01
  0.18274955E+01  0.77938506E+01
  0.18449002E+01  0.77981486E+01
  0.18623050E+01  0.78032371E+01
  0.18797097E+01  0.78091202E+01
  0.18971144E+01  0.78158022E+01
  0.19145191E+01  0.78232878E+01
  0.19319238E+01  0.78315815E+01
  0.19493286E+01  0.78406878E+01
  0.19667333E+01  0.78506107E+01
  0.19841380E+01  0.78613540E+01
  0.20015427E+01  0.78729205E+01
  0.20189474E+01  0.78853121E+01
  0.20363522E+01  0.78985299E+01
  0.20537569E+01  0.79125732E+01
  0.20711616E+01  0.79274401E+01
  0.20885663E+01  0.79431266E+01
  0.21059710E+01  0.79596270E+01
  0.21233757E+01  0.79769333E+01
  0.21407805E+01  0.79950350E+01
  0.21581852E+01  0.80139192E+01
  0.21755899E+01  0.80335702E+01
  0.21929946E+01  0.80539694E+01
  0.22103993E+01  0.80750956E+01
  0.22278041E+01  0.80969244E+01
  0.22452088E+01  0.81194285E+01
  0.22626135E+01  0.81425777E+01
  0.22800182E+01  0.81663390E+01
  0.22974229E+01  0.81906769E+01
  0.23148277E+01  0.82155532E+01
  0.23322324E+01  0.82409279E+01
  0.23496371E+01  0.82667587E+01
  0.23670418E+01  0.82930021E+01
  0.23844465E+01  0.83196137E+01
  0.24018513E+01  0.83465481E+01
  0.24192560E+01  0.83737602E+01
  0.24366607E+01  0.84012052E+01
  0.24540654E+01  0.84288395E+01
  0.24714701E+01  0.84566211E+01
  0.24888749E+01  0.84845102E+01
  0.25062796E+01  0.85124702E+01
  0.25236843E+01  0.85404679E+01
  0.25410890E+01  0.85684742E+01
  0.25584937E+01  0.85964652E+01
  0.25758984E+01  0.86244220E+01
  0.25933032E+01  0.86523320E+01
  0.26107079E+01  0.86801887E+01
  0.26280417E+01  0.86796683E+01
  0.26453755E+01  0.86781072E+01
  0.26627093E+01  0.86755053E+01
  0.26800431E+01  0.86718627E+01
  0.26973769E+01  0.86671799E+01
  0.27147107E+01  0.86614575E+01
  0.27320445E+01  0.86546976E+01
  0.27493783E+01  0.86469034E+01
  0.27667120E+01  0.86380803E+01
  0.27840458E+01  0.86282369E+01
  0.28013796E+01  0.86173868E+01
  0.28187134E+01  0.86055499E+01
  0.28360472E+01  0.85927565E+01
  0.28533810E+01  0.85790511E+01
  0.28707148E+01  0.85645005E+01
  0.28880486E+01  0.85492055E+01
  0.29053824E+01  0.85333203E+01
  0.29227162E+01  0.85170862E+01
  0.29400500E+01  0.85008879E+01
  0.29573838E+01  0.84853475E+01
  0.29747176E+01  0.84714550E+01
  0.29920514E+01  0.84606608E+01
  0.30093852E+01  0.84546529E+01
  0.30267190E+01  0.84545386E+01
  0.30440528E+01  0.84600578E+01
  0.30613866E+01  0.84699068E+01
  0.30787204E+01  0.84826522E+01
  0.30960542E+01  0.84972034E+01
  0.31133880E+01  0.85128374E+01
  0.31307218E+01  0.85290927E+01
  0.31480556E+01  0.85456756E+01
  0.31653894E+01  0.85623990E+01
  0.31827231E+01  0.85791456E+01
  0.32000569E+01  0.85958463E+01
  0.32173907E+01  0.86124670E+01
  0.32347245E+01  0.86289997E+01
  0.32520583E+01  0.86454568E+01
  0.32693921E+01  0.86618665E+01
  0.32867259E+01  0.86782689E+01
  0.33040597E+01  0.86947125E+01
  0.33213935E+01  0.87112509E+01
  0.33387273E+01  0.87279395E+01
  0.33560611E+01  0.87448323E+01
  0.33733949E+01  0.87619781E+01
  0.33907287E+01  0.87794183E+01
  0.34080625E+01  0.87971833E+01
  0.34253963E+01  0.88152903E+01
  0.34427301E+01  0.88337411E+01
  0.34600639E+01  0.88525206E+01
  0.34773977E+01  0.88715955E+01
  0.34947315E+01  0.88909144E+01
  0.35120653E+01  0.89104078E+01
  0.35293991E+01  0.89299892E+01
  0.35467329E+01  0.89495564E+01
  0.35640667E+01  0.89689942E+01
  0.35814005E+01  0.89881760E+01
  0.35987342E+01  0.90069677E+01
  0.36160680E+01  0.90252296E+01
  0.36334018E+01  0.90428201E+01
  0.36507356E+01  0.90595985E+01
  0.36680694E+01  0.90754276E+01
  0.36854032E+01  0.90901762E+01
  0.37027370E+01  0.91037211E+01
  0.37200708E+01  0.91159491E+01
  0.37374046E+01  0.91267581E+01
  0.37547384E+01  0.91360585E+01
  0.37720722E+01  0.91437735E+01
  0.37894060E+01  0.91498399E+01
  0.38067398E+01  0.91542084E+01
  0.38240736E+01  0.91568436E+01
  0.38414074E+01  0.91577244E+01
  0.38587326E+01  0.91578901E+01
  0.38760578E+01  0.91583869E+01
  0.38933830E+01  0.91592135E+01
  0.39107082E+01  0.91603679E+01
  0.39280334E+01  0.91618471E+01
  0.39453586E+01  0.91636475E+01
  0.39626838E+01  0.91657647E+01
  0.39800090E+01  0.91681933E+01
  0.39973342E+01  0.91709272E+01
  0.40146594E+01  0.91739597E+01
  0.40319847E+01  0.91772830E+01
  0.40493099E+01  0.91808888E+01
  0.40666351E+01  0.91847679E+01
  0.40839603E+01  0.91889104E+01
  0.41012855E+01  0.91933056E+01
  0.41186107E+01  0.91979421E+01
  0.41359359E+01  0.92028077E+01
  0.41532611E+01  0.92078895E+01
  0.41705863E+01  0.92131739E+01
  0.41879115E+01  0.92186463E+01
  0.42052367E+01  0.92242916E+01
  0.42225619E+01  0.92300935E+01
  0.42398871E+01  0.92360353E+01
  0.42572123E+01  0.92420992E+01
  0.42745375E+01  0.92482664E+01
  0.42918627E+01  0.92545174E+01
  0.43091879E+01  0.92479342E+01
  0.43265131E+01  0.91931044E+01
  0.43438384E+01  0.91447598E+01
  0.43611636E+01  0.91026398E+01
  0.43784888E+01  0.90663925E+01
  0.43958140E+01  0.90356039E+01
  0.44131392E+01  0.90098251E+01
  0.44304644E+01  0.89885951E+01
  0.44477896E+01  0.89714576E+01
  0.44651148E+01  0.89579747E+01
  0.44824400E+01  0.89477346E+01
  0.44997652E+01  0.89403563E+01
  0.45170904E+01  0.89354921E+01
  0.45344156E+01  0.89328276E+01
  0.45517408E+01  0.89320803E+01
  0.45690660E+01  0.89329980E+01
  0.45863912E+01  0.89353566E+01
  0.46037164E+01  0.89389569E+01
  0.46210416E+01  0.89436229E+01
  0.46383669E+01  0.89491984E+01
  0.46556921E+01  0.89555454E+01
  0.46730173E+01  0.89625415E+01
  0.46903425E+01  0.89700782E+01
  0.47076677E+01  0.89780588E+01
  0.47249929E+01  0.89863971E+01
  0.47423181E+01  0.89950161E+01
  0.47596433E+01  0.90038462E+01
  0.47769685E+01  0.90128249E+01
  0.47942937E+01  0.90218954E+01
  0.48116189E+01  0.90310061E+01
  0.48289441E+01  0.90401096E+01
  0.48462693E+01  0.90491629E+01
  0.48635945E+01  0.90581262E+01
  0.48809197E+01  0.90669631E+01
  0.48982449E+01  0.90756402E+01
  0.49155701E+01  0.90841268E+01
  0.49328954E+01  0.90923951E+01
  0.49502206E+01  0.91004198E+01
  0.49675458E+01  0.91081783E+01
  0.49848710E+01  0.91156503E+01
  0.50021962E+01  0.91228182E+01
  0.50195214E+01  0.91296667E+01
  0.50368466E+01  0.91361828E+01
  0.50541718E+01  0.91423560E+01
  0.50714970E+01  0.91481778E+01
  0.50888222E+01  0.91536420E+01
  0.51061474E+01  0.91587440E+01
  0.51234726E+01  0.91634813E+01
  0.51407978E+01  0.91678527E+01
  0.51581230E+01  0.91718585E+01
  0.51754482E+01  0.91755002E+01
  0.51927734E+01  0.91787801E+01
  0.52100986E+01  0.91817011E+01
  0.52274238E+01  0.91842667E+01
  0.52447491E+01  0.91864806E+01
  0.52620743E+01  0.91883465E+01
  0.52793995E+01  0.91898677E+01
  0.52967247E+01  0.91910473E+01
  0.53140499E+01  0.91918880E+01
  0.53313751E+01  0.91923917E+01
  0.53487003E+01  0.91925594E+01
  0.53661570E+01  0.91923871E+01
  0.53836138E+01  0.91918688E+01
  0.54010705E+01  0.91910001E+01
  0.54185272E+01  0.91897742E+01
  0.54359839E+01  0.91881816E+01
  0.54534407E+01  0.91862102E+01
  0.54708974E+01  0.91838461E+01
  0.54883541E+01  0.91810734E+01
  0.55058109E+01  0.91778746E+01
  0.55232676E+01  0.91742313E+01
  0.55407243E+01  0.91701241E+01
  0.55581811E+01  0.91655334E+01
  0.55756378E+01  0.91604398E+01
  0.55930945E+01  0.91548244E+01
  0.56105512E+01  0.91486693E+01
  0.56280080E+01  0.91419582E+01
  0.56454647E+01  0.91346766E+01
  0.56629214E+01  0.91268125E+01
  0.56803782E+01  0.91183564E+01
  0.56978349E+01  0.91093023E+01
  0.57152916E+01  0.90996474E+01
  0.57327484E+01  0.90893927E+01
  0.57502051E+01  0.90785433E+01
  0.57676618E+01  0.90671086E+01
  0.57851186E+01  0.90551022E+01
  0.58025753E+01  0.90425423E+01
  0.58200320E+01  0.90294517E+01
  0.58374887E+01  0.90158574E+01
  0.58549455E+01  0.90017911E+01
  0.58724022E+01  0.89872886E+01
  0.58898589E+01  0.89723898E+01
  0.59073157E+01  0.89571386E+01
  0.59247724E+01  0.89415822E+01
  0.59422291E+01  0.89257712E+01
  0.59596859E+01  0.89097590E+01
  0.59771426E+01  0.88936017E+01
  0.59945993E+01  0.88773574E+01
  0.60120560E+01  0.88610860E+01
  0.60295128E+01  0.88448492E+01
  0.60469695E+01  0.88287093E+01
  0.60644262E+01  0.88127299E+01
  0.60818830E+01  0.87969746E+01
  0.60993397E+01  0.87815075E+01
  0.61167964E+01  0.87663927E+01
  0.61342532E+01  0.87516938E+01
  0.61517099E+01  0.87374740E+01
  0.61691666E+01  0.87237960E+01
  0.61866234E+01  0.87107214E+01
  0.62040801E+01  0.86983108E+01
  0.62215368E+01  0.86866237E+01
  0.62389935E+01  0.86757181E+01
  0.62564503E+01  0.86656507E+01
  0.62739070E+01  0.86564762E+01
  0.62913637E+01  0.86482476E+01
  0.63088205E+01  0.86410156E+01
  0.63262772E+01  0.86348289E+01
  0.63437339E+01  0.86297335E+01
  0.63611907E+01  0.86257728E+01
  0.63786474E+01  0.86229871E+01
  0.63961041E+01  0.86214139E+01
  0.64135609E+01  0.86210871E+01
  0.64310176E+01  0.86220372E+01
  0.64484743E+01  0.86242908E+01
  0.64659310E+01  0.86278702E+01
  0.64833878E+01  0.86327932E+01
  0.65008445E+01  0.86390721E+01
  0.65183012E+01  0.86467124E+01
  0.65357580E+01  0.86557109E+01
  0.65532147E+01  0.86660518E+01
  0.65706714E+01  0.86776999E+01
  0.65881282E+01  0.86905877E+01
  0.66055849E+01  0.87045885E+01
  0.66230416E+01  0.87194552E+01
  0.66404983E+01  0.87346604E+01
  0.66579551E+01  0.87489353E+01
  0.66754118E+01  0.87591396E+01
  0.66928685E+01  0.87606551E+01
  0.67103253E+01  0.87541258E+01
  0.67277820E+01  0.87441139E+01
  0.67452387E+01  0.87332403E+01
  0.67626955E+01  0.87225832E+01
  0.67801522E+01  0.87126159E+01
  0.67976089E+01  0.87035282E+01
  0.68150657E+01  0.86953130E+01
  0.68325224E+01  0.86877868E+01
  0.68499791E+01  0.86806112E+01
  0.68674358E+01  0.86733383E+01
  0.68848926E+01  0.86654761E+01
  0.69023493E+01  0.86565559E+01
  0.69198060E+01  0.86461837E+01
  0.69372628E+01  0.86340686E+01
  0.69547195E+01  0.86200290E+01
  0.69721762E+01  0.86039847E+01
  0.69896330E+01  0.85859419E+01
  0.70070897E+01  0.85659750E+01
  0.70245464E+01  0.85442113E+01
  0.70420031E+01  0.85208158E+01
  0.70594599E+01  0.84959805E+01
  0.70769166E+01  0.84699152E+01
  0.70943733E+01  0.84428408E+01
  0.71118301E+01  0.84149840E+01
  0.71292868E+01  0.83865726E+01
  0.71467435E+01  0.83578315E+01
  0.71642003E+01  0.83289786E+01
  0.71816570E+01  0.83002207E+01
  0.71991137E+01  0.82717491E+01
  0.72165705E+01  0.82437350E+01
  0.72340272E+01  0.82163260E+01
  0.72514839E+01  0.81896428E+01
  0.72689406E+01  0.81637786E+01
  0.72863974E+01  0.81387992E+01
  0.73038541E+01  0.81147454E+01
  0.73213108E+01  0.80916373E+01
  0.73387676E+01  0.80694780E+01
  0.73562243E+01  0.80482592E+01
  0.73736810E+01  0.80279645E+01
  0.73911378E+01  0.80085738E+01
  0.74085945E+01  0.79900654E+01
  0.74260512E+01  0.79724180E+01
  0.74435080E+01  0.79556122E+01
  0.74609647E+01  0.79396308E+01
  0.74784214E+01  0.79244595E+01
  0.74958781E+01  0.79100864E+01
  0.75133349E+01  0.78965022E+01
  0.75307916E+01  0.78836999E+01
  0.75482483E+01  0.78716744E+01
  0.75657051E+01  0.78604223E+01
  0.75831618E+01  0.78499415E+01
  0.76006185E+01  0.78402311E+01
  0.76180753E+01  0.78312910E+01
  0.76355320E+01  0.78231218E+01
  0.76529887E+01  0.78157246E+01
  0.76704454E+01  0.78091005E+01
  0.76879022E+01  0.78032511E+01
  0.77053589E+01  0.77981779E+01
  0.77228156E+01  0.77938823E+01
  0.77402724E+01  0.77903657E+01
  0.77577291E+01  0.77876293E+01
  0.77751858E+01  0.77856741E+01
  0.77926426E+01  0.77845007E+01
  0.78100993E+01  0.77841095E+01
  
  0.00000000E+00  0.91925594E+01
  0.17404719E-01  0.91928144E+01
  0.34809439E-01  0.91935795E+01
  0.52214158E-01  0.91948553E+01
  0.69618877E-01  0.91966427E+01
  0.87023596E-01  0.91989431E+01
  0.10442832E+00  0.92017581E+01
  0.12183303E+00  0.92050899E+01
  0.13923775E+00  0.92089407E+01
  0.15664247E+00  0.92133134E+01
  0.17404719E+00  0.92182110E+01
  0.19145191E+00  0.92236368E+01
  0.20885663E+00  0.92295944E+01
  0.22626135E+00  0.92360875E+01
  0.24366607E+00  0.92431203E+01
  0.26107079E+00  0.92506969E+01
  0.27847551E+00  0.92588216E+01
  0.29588023E+00  0.92674987E+01
  0.31328495E+00  0.92767327E+01
  0.33068967E+00  0.92865279E+01
  0.34809439E+00  0.92968887E+01
  0.36549910E+00  0.93078190E+01
  0.38290382E+00  0.93193229E+01
  0.40030854E+00  0.93314039E+01
  0.41771326E+00  0.93440652E+01
  0.43511798E+00  0.93573096E+01
  0.45252270E+00  0.93711393E+01
  0.46992742E+00  0.93855560E+01
  0.48733214E+00  0.94005604E+01
  0.50473686E+00  0.94161528E+01
  0.52214158E+00  0.94323322E+01
  0.53954630E+00  0.94490970E+01
  0.55695102E+00  0.94664443E+01
  0.57435574E+00  0.94843700E+01
  0.59176045E+00  0.95028689E+01
  0.60916517E+00  0.95219346E+01
  0.62656989E+00  0.95415590E+01
  0.64397461E+00  0.95617327E+01
  0.66137933E+00  0.95824449E+01
  0.67878405E+00  0.95997518E+01
  0.69618877E+00  0.95875498E+01
  0.71359349E+00  0.95765344E+01
  0.73099821E+00  0.95668610E+01
  0.74840293E+00  0.95586896E+01
  0.76580765E+00  0.95521850E+01
  0.78321237E+00  0.95475159E+01
  0.80061709E+00  0.95448557E+01
  0.81802180E+00  0.95443821E+01
  0.83542652E+00  0.95462774E+01
  0.85283124E+00  0.95507291E+01
  0.87023596E+00  0.95579299E+01
  0.88764068E+00  0.95680788E+01
  0.90504540E+00  0.95813812E+01
  0.92245012E+00  0.95980495E+01
  0.93985484E+00  0.96183040E+01
  0.95725956E+00  0.96423724E+01
  0.97466428E+00  0.96704899E+01
  0.99206900E+00  0.97028988E+01
  0.10094737E+01  0.97398460E+01
  0.10268784E+01  0.97815816E+01
  0.10442832E+01  0.98283544E+01
  0.10616879E+01  0.98804076E+01
  0.10790926E+01  0.99379726E+01
  0.10964973E+01  0.10001261E+02
  0.11139020E+01  0.10070458E+02
  0.11313068E+01  0.10145711E+02
  0.11487115E+01  0.10227122E+02
  0.11661162E+01  0.10312139E+02
  0.11835209E+01  0.10336630E+02
  0.12009256E+01  0.10360691E+02
  0.12183303E+01  0.10384290E+02
  0.12357351E+01  0.10407391E+02
  0.12531398E+01  0.10429964E+02
  0.12705445E+01  0.10451977E+02
  0.12879492E+01  0.10473402E+02
  0.13053539E+01  0.10494211E+02
  0.13227587E+01  0.10514376E+02
  0.13401634E+01  0.10533875E+02
  0.13575681E+01  0.10552682E+02
  0.13749728E+01  0.10563720E+02
  0.13923775E+01  0.10567541E+02
  0.14097823E+01  0.10571001E+02
  0.14271870E+01  0.10574118E+02
  0.14445917E+01  0.10576908E+02
  0.14619964E+01  0.10579389E+02
  0.14794011E+01  0.10581581E+02
  0.14968059E+01  0.10583503E+02
  0.15142106E+01  0.10585178E+02
  0.15316153E+01  0.10586624E+02
  0.15490200E+01  0.10587863E+02
  0.15664247E+01  0.10588915E+02
  0.15838295E+01  0.10589800E+02
  0.16012342E+01  0.10590536E+02
  0.16186389E+01  0.10591141E+02
  0.16360436E+01  0.10591631E+02
  0.16534483E+01  0.10592020E+02
  0.16708530E+01  0.10592321E+02
  0.16882578E+01  0.10592543E+02
  0.17056625E+01  0.10592696E+02
  0.17230672E+01  0.10592786E+02
  0.17404719E+01  0.10592815E+02
  0.17578766E+01  0.10592305E+02
  0.17752814E+01  0.10590776E+02
  0.17926861E+01  0.10588233E+02
  0.18100908E+01  0.10584683E+02
  0.18274955E+01  0.10580135E+02
  0.18449002E+01  0.10574601E+02
  0.18623050E+01  0.10544935E+02
  0.18797097E+01  0.10488359E+02
  0.18971144E+01  0.10428569E+02
  0.19145191E+01  0.10366473E+02
  0.19319238E+01  0.10302873E+02
  0.19493286E+01  0.10238456E+02
  0.19667333E+01  0.10173810E+02
  0.19841380E+01  0.10109428E+02
  0.20015427E+01  0.10045718E+02
  0.20189474E+01  0.99830157E+01
  0.20363522E+01  0.99215903E+01
  0.20537569E+01  0.98616549E+01
  0.20711616E+01  0.98033727E+01
  0.20885663E+01  0.97468638E+01
  0.21059710E+01  0.96922101E+01
  0.21233757E+01  0.96394608E+01
  0.21407805E+01  0.95886361E+01
  0.21581852E+01  0.95397313E+01
  0.21755899E+01  0.94927199E+01
  0.21929946E+01  0.94475568E+01
  0.22103993E+01  0.94041809E+01
  0.22278041E+01  0.93625178E+01
  0.22452088E+01  0.93224820E+01
  0.22626135E+01  0.92839791E+01
  0.22800182E+01  0.92469078E+01
  0.22974229E+01  0.92111619E+01
  0.23148277E+01  0.91766320E+01
  0.23322324E+01  0.91432068E+01
  0.23496371E+01  0.91107753E+01
  0.23670418E+01  0.90792273E+01
  0.23844465E+01  0.90484555E+01
  0.24018513E+01  0.90183561E+01
  0.24192560E+01  0.89888297E+01
  0.24366607E+01  0.89597829E+01
  0.24540654E+01  0.89311281E+01
  0.24714701E+01  0.89027850E+01
  0.24888749E+01  0.88746804E+01
  0.25062796E+01  0.88467493E+01
  0.25236843E+01  0.88189345E+01
  0.25410890E+01  0.87911871E+01
  0.25584937E+01  0.87634669E+01
  0.25758984E+01  0.87357416E+01
  0.25933032E+01  0.87079875E+01
  0.26107079E+01  0.86801887E+01
  0.26280417E+01  0.86807005E+01
  0.26453755E+01  0.86822358E+01
  0.26627093E+01  0.86847938E+01
  0.26800431E+01  0.86883732E+01
  0.26973769E+01  0.86929724E+01
  0.27147107E+01  0.86985891E+01
  0.27320445E+01  0.87052203E+01
  0.27493783E+01  0.87128629E+01
  0.27667120E+01  0.87215127E+01
  0.27840458E+01  0.87311655E+01
  0.28013796E+01  0.87418159E+01
  0.28187134E+01  0.87534585E+01
  0.28360472E+01  0.87660868E+01
  0.28533810E+01  0.87796940E+01
  0.28707148E+01  0.87942727E+01
  0.28880486E+01  0.88098148E+01
  0.29053824E+01  0.88263117E+01
  0.29227162E+01  0.88437543E+01
  0.29400500E+01  0.88621330E+01
  0.29573838E+01  0.88814376E+01
  0.29747176E+01  0.89016573E+01
  0.29920514E+01  0.89227809E+01
  0.30093852E+01  0.89447963E+01
  0.30267190E+01  0.89676908E+01
  0.30440528E+01  0.89914509E+01
  0.30613866E+01  0.90160619E+01
  0.30787204E+01  0.90415076E+01
  0.30960542E+01  0.90677704E+01
  0.31133880E+01  0.90948302E+01
  0.31307218E+01  0.91226642E+01
  0.31480556E+01  0.91512455E+01
  0.31653894E+01  0.91805419E+01
  0.31827231E+01  0.92105133E+01
  0.32000569E+01  0.92411072E+01
  0.32173907E+01  0.92722516E+01
  0.32347245E+01  0.93038395E+01
  0.32520583E+01  0.93356986E+01
  0.32693921E+01  0.93675220E+01
  0.32867259E+01  0.93986973E+01
  0.33040597E+01  0.94278479E+01
  0.33213935E+01  0.94516815E+01
  0.33387273E+01  0.94640454E+01
  0.33560611E+01  0.94618483E+01
  0.33733949E+01  0.94502889E+01
  0.33907287E+01  0.94346745E+01
  0.34080625E+01  0.94174821E+01
  0.34253963E+01  0.93997666E+01
  0.34427301E+01  0.93820247E+01
  0.34600639E+01  0.93645211E+01
  0.34773977E+01  0.93474138E+01
  0.34947315E+01  0.93308059E+01
  0.35120653E+01  0.93147704E+01
  0.35293991E+01  0.92993619E+01
  0.35467329E+01  0.92846236E+01
  0.35640667E+01  0.92705907E+01
  0.35814005E+01  0.92572927E+01
  0.35987342E+01  0.92447551E+01
  0.36160680E+01  0.92329998E+01
  0.36334018E+01  0.92220462E+01
  0.36507356E+01  0.92119116E+01
  0.36680694E+01  0.92026111E+01
  0.36854032E+01  0.91941582E+01
  0.37027370E+01  0.91865646E+01
  0.37200708E+01  0.91798408E+01
  0.37374046E+01  0.91739957E+01
  0.37547384E+01  0.91690371E+01
  0.37720722E+01  0.91649715E+01
  0.37894060E+01  0.91618039E+01
  0.38067398E+01  0.91595385E+01
  0.38240736E+01  0.91581781E+01
  0.38414074E+01  0.91577244E+01
  0.38587326E+01  0.91578902E+01
  0.38760578E+01  0.91583870E+01
  0.38933830E+01  0.91592137E+01
  0.39107082E+01  0.91603682E+01
  0.39280334E+01  0.91618476E+01
  0.39453586E+01  0.91636483E+01
  0.39626838E+01  0.91657657E+01
  0.39800090E+01  0.91681946E+01
  0.39973342E+01  0.91709288E+01
  0.40146594E+01  0.91739616E+01
  0.40319847E+01  0.91772852E+01
  0.40493099E+01  0.91808914E+01
  0.40666351E+01  0.91847708E+01
  0.40839603E+01  0.91889136E+01
  0.41012855E+01  0.91933092E+01
  0.41186107E+01  0.91979460E+01
  0.41359359E+01  0.92028120E+01
  0.41532611E+01  0.92078941E+01
  0.41705863E+01  0.92131787E+01
  0.41879115E+01  0.92186514E+01
  0.42052367E+01  0.92242968E+01
  0.42225619E+01  0.92300989E+01
  0.42398871E+01  0.92360408E+01
  0.42572123E+01  0.92421047E+01
  0.42745375E+01  0.92482720E+01
  0.42918627E+01  0.92545230E+01
  0.43091879E+01  0.92608319E+01
  0.43265131E+01  0.92671874E+01
  0.43438384E+01  0.92735619E+01
  0.43611636E+01  0.92799313E+01
  0.43784888E+01  0.92862706E+01
  0.43958140E+01  0.92925535E+01
  0.44131392E+01  0.92987523E+01
  0.44304644E+01  0.93048381E+01
  0.44477896E+01  0.93107807E+01
  0.44651148E+01  0.93165486E+01
  0.44824400E+01  0.93221088E+01
  0.44997652E+01  0.93274274E+01
  0.45170904E+01  0.93324691E+01
  0.45344156E+01  0.93371979E+01
  0.45517408E+01  0.93415772E+01
  0.45690660E+01  0.93455701E+01
  0.45863912E+01  0.93491397E+01
  0.46037164E+01  0.93522500E+01
  0.46210416E+01  0.93548663E+01
  0.46383669E+01  0.93569562E+01
  0.46556921E+01  0.93584902E+01
  0.46730173E+01  0.93594424E+01
  0.46903425E+01  0.93597918E+01
  0.47076677E+01  0.93595229E+01
  0.47249929E+01  0.93586266E+01
  0.47423181E+01  0.93571007E+01
  0.47596433E+01  0.93549504E+01
  0.47769685E+01  0.93521887E+01
  0.47942937E+01  0.93488361E+01
  0.48116189E+01  0.93449204E+01
  0.48289441E+01  0.93404760E+01
  0.48462693E+01  0.93355434E+01
  0.48635945E+01  0.93301682E+01
  0.48809197E+01  0.93243999E+01
  0.48982449E+01  0.93182910E+01
  0.49155701E+01  0.93118962E+01
  0.49328954E+01  0.93052709E+01
  0.49502206E+01  0.92984710E+01
  0.49675458E+01  0.92915515E+01
  0.49848710E+01  0.92845664E+01
  0.50021962E+01  0.92775678E+01
  0.50195214E+01  0.92706057E+01
  0.50368466E+01  0.92637278E+01
  0.50541718E+01  0.92569792E+01
  0.50714970E+01  0.92504022E+01
  0.50888222E+01  0.92440362E+01
  0.51061474E+01  0.92379179E+01
  0.51234726E+01  0.92320814E+01
  0.51407978E+01  0.92265578E+01
  0.51581230E+01  0.92213755E+01
  0.51754482E+01  0.92165604E+01
  0.51927734E+01  0.92121359E+01
  0.52100986E+01  0.92081226E+01
  0.52274238E+01  0.92045392E+01
  0.52447491E+01  0.92014016E+01
  0.52620743E+01  0.91987236E+01
  0.52793995E+01  0.91965170E+01
  0.52967247E+01  0.91947910E+01
  0.53140499E+01  0.91935529E+01
  0.53313751E+01  0.91928081E+01
  0.53487003E+01  0.91925594E+01
  0.53661570E+01  0.91928098E+01
  0.53836138E+01  0.91935610E+01
  0.54010705E+01  0.91948118E+01
  0.54185272E+01  0.91965605E+01
  0.54359839E+01  0.91988049E+01
  0.54534407E+01  0.92015419E+01
  0.54708974E+01  0.92047679E+01
  0.54883541E+01  0.92084787E+01
  0.55058109E+01  0.92126694E+01
  0.55232676E+01  0.92173346E+01
  0.55407243E+01  0.92224682E+01
  0.55581811E+01  0.92280636E+01
  0.55756378E+01  0.92341136E+01
  0.55930945E+01  0.92406090E+01
  0.56105512E+01  0.92473149E+01
  0.56280080E+01  0.92542645E+01
  0.56454647E+01  0.92614659E+01
  0.56629214E+01  0.92688693E+01
  0.56803782E+01  0.92764178E+01
  0.56978349E+01  0.92840483E+01
  0.57152916E+01  0.92916908E+01
  0.57327484E+01  0.92992691E+01
  0.57502051E+01  0.93067010E+01
  0.57676618E+01  0.93138993E+01
  0.57851186E+01  0.93207728E+01
  0.58025753E+01  0.93272280E+01
  0.58200320E+01  0.93331711E+01
  0.58374887E+01  0.93385097E+01
  0.58549455E+01  0.93431558E+01
  0.58724022E+01  0.93470277E+01
  0.58898589E+01  0.93500525E+01
  0.59073157E+01  0.93521677E+01
  0.59247724E+01  0.93533230E+01
  0.59422291E+01  0.93534812E+01
  0.59596859E+01  0.93526178E+01
  0.59771426E+01  0.93507217E+01
  0.59945993E+01  0.93477934E+01
  0.60120560E+01  0.93438442E+01
  0.60295128E+01  0.93388946E+01
  0.60469695E+01  0.93329729E+01
  0.60644262E+01  0.93261133E+01
  0.60818830E+01  0.93183544E+01
  0.60993397E+01  0.93097382E+01
  0.61167964E+01  0.93003088E+01
  0.61342532E+01  0.92901111E+01
  0.61517099E+01  0.92791906E+01
  0.61691666E+01  0.92675924E+01
  0.61866234E+01  0.92553610E+01
  0.62040801E+01  0.92425397E+01
  0.62215368E+01  0.92291707E+01
  0.62389935E+01  0.92152948E+01
  0.62564503E+01  0.92009513E+01
  0.62739070E+01  0.91861781E+01
  0.62913637E+01  0.91710115E+01
  0.63088205E+01  0.91554864E+01
  0.63262772E+01  0.91396364E+01
  0.63437339E+01  0.91234939E+01
  0.63611907E+01  0.91070902E+01
  0.63786474E+01  0.90904555E+01
  0.63961041E+01  0.90736194E+01
  0.64135609E+01  0.90566111E+01
  0.64310176E+01  0.90394597E+01
  0.64484743E+01  0.90221944E+01
  0.64659310E+01  0.90048453E+01
  0.64833878E+01  0.89874443E+01
  0.65008445E+01  0.89700258E+01
  0.65183012E+01  0.89526282E+01
  0.65357580E+01  0.89352965E+01
  0.65532147E+01  0.89180858E+01
  0.65706714E+01  0.89010675E+01
  0.65881282E+01  0.88843416E+01
  0.66055849E+01  0.88680617E+01
  0.66230416E+01  0.88524936E+01
  0.66404983E+01  0.88381714E+01
  0.66579551E+01  0.88263539E+01
  0.66754118E+01  0.88201511E+01
  0.66928685E+01  0.88241264E+01
  0.67103253E+01  0.88375570E+01
  0.67277820E+01  0.88557805E+01
  0.67452387E+01  0.88760605E+01
  0.67626955E+01  0.88971921E+01
  0.67801522E+01  0.89185628E+01
  0.67976089E+01  0.89398167E+01
  0.68150657E+01  0.89607464E+01
  0.68325224E+01  0.89812519E+01
  0.68499791E+01  0.90013150E+01
  0.68674358E+01  0.90209772E+01
  0.68848926E+01  0.90403172E+01
  0.69023493E+01  0.90594297E+01
  0.69198060E+01  0.90784088E+01
  0.69372628E+01  0.90973365E+01
  0.69547195E+01  0.91162767E+01
  0.69721762E+01  0.91352749E+01
  0.69896330E+01  0.91543601E+01
  0.70070897E+01  0.91735496E+01
  0.70245464E+01  0.91928538E+01
  0.70420031E+01  0.92122808E+01
  0.70594599E+01  0.92318409E+01
  0.70769166E+01  0.92515491E+01
  0.70943733E+01  0.92714282E+01
  0.71118301E+01  0.92915099E+01
  0.71292868E+01  0.93118359E+01
  0.71467435E+01  0.93324588E+01
  0.71642003E+01  0.93534416E+01
  0.71816570E+01  0.93748581E+01
  0.71991137E+01  0.93967923E+01
  0.72165705E+01  0.94193376E+01
  0.72340272E+01  0.94425961E+01
  0.72514839E+01  0.94666774E+01
  0.72689406E+01  0.94916977E+01
  0.72863974E+01  0.95177779E+01
  0.73038541E+01  0.95450427E+01
  0.73213108E+01  0.95736182E+01
  0.73387676E+01  0.96036301E+01
  0.73562243E+01  0.96352018E+01
  0.73736810E+01  0.96684515E+01
  0.73911378E+01  0.97034900E+01
  0.74085945E+01  0.97404172E+01
  0.74260512E+01  0.97793189E+01
  0.74435080E+01  0.98202634E+01
  0.74609647E+01  0.98632969E+01
  0.74784214E+01  0.99084390E+01
  0.74958781E+01  0.99556773E+01
  0.75133349E+01  0.10004962E+02
  0.75307916E+01  0.10056197E+02
  0.75482483E+01  0.10109237E+02
  0.75657051E+01  0.10163871E+02
  0.75831618E+01  0.10219822E+02
  0.76006185E+01  0.10276727E+02
  0.76180753E+01  0.10334132E+02
  0.76355320E+01  0.10391478E+02
  0.76529887E+01  0.10448090E+02
  0.76704454E+01  0.10503166E+02
  0.76879022E+01  0.10555782E+02
  0.77053589E+01  0.10574518E+02
  0.77228156E+01  0.10580072E+02
  0.77402724E+01  0.10584640E+02
  0.77577291E+01  0.10588209E+02
  0.77751858E+01  0.10590765E+02
  0.77926426E+01  0.10592302E+02
  0.78100993E+01  0.10592815E+02
  
  0.00000000E+00  0.91925594E+01
  0.17404719E-01  0.91928145E+01
  0.34809439E-01  0.91935797E+01
  0.52214158E-01  0.91948555E+01
  0.69618877E-01  0.91966430E+01
  0.87023596E-01  0.91989435E+01
  0.10442832E+00  0.92017586E+01
  0.12183303E+00  0.92050905E+01
  0.13923775E+00  0.92089414E+01
  0.15664247E+00  0.92133142E+01
  0.17404719E+00  0.92182119E+01
  0.19145191E+00  0.92236378E+01
  0.20885663E+00  0.92295955E+01
  0.22626135E+00  0.92360887E+01
  0.24366607E+00  0.92431216E+01
  0.26107079E+00  0.92506983E+01
  0.27847551E+00  0.92588230E+01
  0.29588023E+00  0.92675002E+01
  0.31328495E+00  0.92767343E+01
  0.33068967E+00  0.92865296E+01
  0.34809439E+00  0.92968904E+01
  0.36549910E+00  0.93078208E+01
  0.38290382E+00  0.93193248E+01
  0.40030854E+00  0.93314058E+01
  0.41771326E+00  0.93440671E+01
  0.43511798E+00  0.93573115E+01
  0.45252270E+00  0.93711413E+01
  0.46992742E+00  0.93855579E+01
  0.48733214E+00  0.94005624E+01
  0.50473686E+00  0.94161547E+01
  0.52214158E+00  0.94323341E+01
  0.53954630E+00  0.94490989E+01
  0.55695102E+00  0.94664461E+01
  0.57435574E+00  0.94843717E+01
  0.59176045E+00  0.95028706E+01
  0.60916517E+00  0.95219362E+01
  0.62656989E+00  0.95415605E+01
  0.64397461E+00  0.95617342E+01
  0.66137933E+00  0.95824463E+01
  0.67878405E+00  0.96036830E+01
  0.69618877E+00  0.96254330E+01
  0.71359349E+00  0.96476790E+01
  0.73099821E+00  0.96704036E+01
  0.74840293E+00  0.96935877E+01
  0.76580765E+00  0.97172105E+01
  0.78321237E+00  0.97412493E+01
  0.80061709E+00  0.97656800E+01
  0.81802180E+00  0.97904767E+01
  0.83542652E+00  0.98156119E+01
  0.85283124E+00  0.98410567E+01
  0.87023596E+00  0.98667804E+01
  0.88764068E+00  0.98927511E+01
  0.90504540E+00  0.99189357E+01
  0.92245012E+00  0.99452998E+01
  0.93985484E+00  0.99718077E+01
  0.95725956E+00  0.99984230E+01
  0.97466428E+00  0.10025108E+02
  0.99206900E+00  0.10051826E+02
  0.10094737E+01  0.10078536E+02
  0.10268784E+01  0.10105200E+02
  0.10442832E+01  0.10131780E+02
  0.10616879E+01  0.10158234E+02
  0.10790926E+01  0.10184523E+02
  0.10964973E+01  0.10210609E+02
  0.11139020E+01  0.10236452E+02
  0.11313068E+01  0.10262013E+02
  0.11487115E+01  0.10287254E+02
  0.11661162E+01  0.10312141E+02
  0.11835209E+01  0.10336631E+02
  0.12009256E+01  0.10360693E+02
  0.12183303E+01  0.10384292E+02
  0.12357351E+01  0.10407393E+02
  0.12531398E+01  0.10429966E+02
  0.12705445E+01  0.10451979E+02
  0.12879492E+01  0.10473404E+02
  0.13053539E+01  0.10494213E+02
  0.13227587E+01  0.10514378E+02
  0.13401634E+01  0.10533876E+02
  0.13575681E+01  0.10552684E+02
  0.13749728E+01  0.10570777E+02
  0.13923775E+01  0.10588140E+02
  0.14097823E+01  0.10604752E+02
  0.14271870E+01  0.10620596E+02
  0.14445917E+01  0.10635656E+02
  0.14619964E+01  0.10649918E+02
  0.14794011E+01  0.10663369E+02
  0.14968059E+01  0.10675997E+02
  0.15142106E+01  0.10687792E+02
  0.15316153E+01  0.10698745E+02
  0.15490200E+01  0.10708848E+02
  0.15664247E+01  0.10718093E+02
  0.15838295E+01  0.10726474E+02
  0.16012342E+01  0.10733986E+02
  0.16186389E+01  0.10740624E+02
  0.16360436E+01  0.10746384E+02
  0.16534483E+01  0.10751263E+02
  0.16708530E+01  0.10755259E+02
  0.16882578E+01  0.10758369E+02
  0.17056625E+01  0.10760591E+02
  0.17230672E+01  0.10761925E+02
  0.17404719E+01  0.10762369E+02
  0.17578766E+01  0.10757305E+02
  0.17752814E+01  0.10742298E+02
  0.17926861E+01  0.10717884E+02
  0.18100908E+01  0.10684885E+02
  0.18274955E+01  0.10644313E+02
  0.18449002E+01  0.10597284E+02
  0.18623050E+01  0.10568096E+02
  0.18797097E+01  0.10560637E+02
  0.18971144E+01  0.10552243E+02
  0.19145191E+01  0.10542935E+02
  0.19319238E+01  0.10532736E+02
  0.19493286E+01  0.10521674E+02
  0.19667333E+01  0.10509775E+02
  0.19841380E+01  0.10497072E+02
  0.20015427E+01  0.10483597E+02
  0.20189474E+01  0.10469388E+02
  0.20363522E+01  0.10454483E+02
  0.20537569E+01  0.10438924E+02
  0.20711616E+01  0.10422757E+02
  0.20885663E+01  0.10406031E+02
  0.21059710E+01  0.10388796E+02
  0.21233757E+01  0.10371108E+02
  0.21407805E+01  0.10353023E+02
  0.21581852E+01  0.10334604E+02
  0.21755899E+01  0.10315913E+02
  0.21929946E+01  0.10297018E+02
  0.22103993E+01  0.10277989E+02
  0.22278041E+01  0.10258898E+02
  0.22452088E+01  0.10239820E+02
  0.22626135E+01  0.10220833E+02
  0.22800182E+01  0.10202016E+02
  0.22974229E+01  0.10183452E+02
  0.23148277E+01  0.10165224E+02
  0.23322324E+01  0.10147416E+02
  0.23496371E+01  0.10130114E+02
  0.23670418E+01  0.10113404E+02
  0.23844465E+01  0.10097373E+02
  0.24018513E+01  0.10082105E+02
  0.24192560E+01  0.10067685E+02
  0.24366607E+01  0.10054195E+02
  0.24540654E+01  0.10041714E+02
  0.24714701E+01  0.10030318E+02
  0.24888749E+01  0.10020078E+02
  0.25062796E+01  0.10011060E+02
  0.25236843E+01  0.10003323E+02
  0.25410890E+01  0.99969189E+01
  0.25584937E+01  0.99918921E+01
  0.25758984E+01  0.99882774E+01
  0.25933032E+01  0.99861003E+01
  0.26107079E+01  0.99853766E+01
  0.26280417E+01  0.99853439E+01
  0.26453755E+01  0.99852426E+01
  0.26627093E+01  0.99850629E+01
  0.26800431E+01  0.99847882E+01
  0.26973769E+01  0.99843954E+01
  0.27147107E+01  0.99838546E+01
  0.27320445E+01  0.99831295E+01
  0.27493783E+01  0.99821769E+01
  0.27667120E+01  0.99809473E+01
  0.27840458E+01  0.99793846E+01
  0.28013796E+01  0.99774268E+01
  0.28187134E+01  0.99750063E+01
  0.28360472E+01  0.99720504E+01
  0.28533810E+01  0.99684827E+01
  0.28707148E+01  0.99642240E+01
  0.28880486E+01  0.99591940E+01
  0.29053824E+01  0.99533135E+01
  0.29227162E+01  0.99465065E+01
  0.29400500E+01  0.99387031E+01
  0.29573838E+01  0.99298421E+01
  0.29747176E+01  0.99198741E+01
  0.29920514E+01  0.99087640E+01
  0.30093852E+01  0.98964930E+01
  0.30267190E+01  0.98830609E+01
  0.30440528E+01  0.98684861E+01
  0.30613866E+01  0.98528063E+01
  0.30787204E+01  0.98360772E+01
  0.30960542E+01  0.98183716E+01
  0.31133880E+01  0.97997769E+01
  0.31307218E+01  0.97803937E+01
  0.31480556E+01  0.97603334E+01
  0.31653894E+01  0.97397172E+01
  0.31827231E+01  0.97186759E+01
  0.32000569E+01  0.96973518E+01
  0.32173907E+01  0.96759051E+01
  0.32347245E+01  0.96545264E+01
  0.32520583E+01  0.96334671E+01
  0.32693921E+01  0.96131075E+01
  0.32867259E+01  0.95941280E+01
  0.33040597E+01  0.95779670E+01
  0.33213935E+01  0.95679732E+01
  0.33387273E+01  0.95703502E+01
  0.33560611E+01  0.95882354E+01
  0.33733949E+01  0.96164719E+01
  0.33907287E+01  0.96497899E+01
  0.34080625E+01  0.96857460E+01
  0.34253963E+01  0.97233155E+01
  0.34427301E+01  0.97620283E+01
  0.34600639E+01  0.98016418E+01
  0.34773977E+01  0.98420161E+01
  0.34947315E+01  0.98830604E+01
  0.35120653E+01  0.99247077E+01
  0.35293991E+01  0.99669009E+01
  0.35467329E+01  0.10009585E+02
  0.35640667E+01  0.10052700E+02
  0.35814005E+01  0.10096176E+02
  0.35987342E+01  0.10139929E+02
  0.36160680E+01  0.10183856E+02
  0.36334018E+01  0.10227827E+02
  0.36507356E+01  0.10271677E+02
  0.36680694E+01  0.10315200E+02
  0.36854032E+01  0.10358128E+02
  0.37027370E+01  0.10400121E+02
  0.37200708E+01  0.10440735E+02
  0.37374046E+01  0.10479389E+02
  0.37547384E+01  0.10515329E+02
  0.37720722E+01  0.10547581E+02
  0.37894060E+01  0.10574938E+02
  0.38067398E+01  0.10596007E+02
  0.38240736E+01  0.10609385E+02
  0.38414074E+01  0.10613983E+02
  0.38587326E+01  0.10613602E+02
  0.38760578E+01  0.10612461E+02
  0.38933830E+01  0.10610561E+02
  0.39107082E+01  0.10607907E+02
  0.39280334E+01  0.10604505E+02
  0.39453586E+01  0.10600361E+02
  0.39626838E+01  0.10595483E+02
  0.39800090E+01  0.10589884E+02
  0.39973342E+01  0.10583573E+02
  0.40146594E+01  0.10576564E+02
  0.40319847E+01  0.10568873E+02
  0.40493099E+01  0.10560515E+02
  0.40666351E+01  0.10510559E+02
  0.40839603E+01  0.10412714E+02
  0.41012855E+01  0.10312293E+02
  0.41186107E+01  0.10210238E+02
  0.41359359E+01  0.10107529E+02
  0.41532611E+01  0.10005164E+02
  0.41705863E+01  0.99041503E+01
  0.41879115E+01  0.98054781E+01
  0.42052367E+01  0.97100976E+01
  0.42225619E+01  0.96188899E+01
  0.42398871E+01  0.95326373E+01
  0.42572123E+01  0.94519947E+01
  0.42745375E+01  0.93774661E+01
  0.42918627E+01  0.93093901E+01
  0.43091879E+01  0.92608371E+01
  0.43265131E+01  0.92671927E+01
  0.43438384E+01  0.92735670E+01
  0.43611636E+01  0.92799363E+01
  0.43784888E+01  0.92862753E+01
  0.43958140E+01  0.92925579E+01
  0.44131392E+01  0.92987563E+01
  0.44304644E+01  0.93048418E+01
  0.44477896E+01  0.93107841E+01
  0.44651148E+01  0.93165515E+01
  0.44824400E+01  0.93221114E+01
  0.44997652E+01  0.93274295E+01
  0.45170904E+01  0.93324708E+01
  0.45344156E+01  0.93371992E+01
  0.45517408E+01  0.93415781E+01
  0.45690660E+01  0.93455706E+01
  0.45863912E+01  0.93491399E+01
  0.46037164E+01  0.93522502E+01
  0.46210416E+01  0.93548668E+01
  0.46383669E+01  0.93569569E+01
  0.46556921E+01  0.93584911E+01
  0.46730173E+01  0.93594435E+01
  0.46903425E+01  0.93597930E+01
  0.47076677E+01  0.93595242E+01
  0.47249929E+01  0.93586279E+01
  0.47423181E+01  0.93571020E+01
  0.47596433E+01  0.93549517E+01
  0.47769685E+01  0.93521900E+01
  0.47942937E+01  0.93488374E+01
  0.48116189E+01  0.93449215E+01
  0.48289441E+01  0.93404771E+01
  0.48462693E+01  0.93355444E+01
  0.48635945E+01  0.93301691E+01
  0.48809197E+01  0.93244007E+01
  0.48982449E+01  0.93182917E+01
  0.49155701E+01  0.93118968E+01
  0.49328954E+01  0.93052715E+01
  0.49502206E+01  0.92984715E+01
  0.49675458E+01  0.92915520E+01
  0.49848710E+01  0.92845668E+01
  0.50021962E+01  0.92775681E+01
  0.50195214E+01  0.92706061E+01
  0.50368466E+01  0.92637282E+01
  0.50541718E+01  0.92569795E+01
  0.50714970E+01  0.92504024E+01
  0.50888222E+01  0.92440364E+01
  0.51061474E+01  0.92379182E+01
  0.51234726E+01  0.92320817E+01
  0.51407978E+01  0.92265581E+01
  0.51581230E+01  0.92213758E+01
  0.51754482E+01  0.92165607E+01
  0.51927734E+01  0.92121361E+01
  0.52100986E+01  0.92081229E+01
  0.52274238E+01  0.92045394E+01
  0.52447491E+01  0.92014018E+01
  0.52620743E+01  0.91987238E+01
  0.52793995E+01  0.91965171E+01
  0.52967247E+01  0.91947911E+01
  0.53140499E+01  0.91935530E+01
  0.53313751E+01  0.91928081E+01
  0.53487003E+01  0.91925594E+01
  0.53661570E+01  0.91928160E+01
  0.53836138E+01  0.91935848E+01
  0.54010705E+01  0.91948644E+01
  0.54185272E+01  0.91966520E+01
  0.54359839E+01  0.91989437E+01
  0.54534407E+01  0.92017339E+01
  0.54708974E+01  0.92050156E+01
  0.54883541E+01  0.92087798E+01
  0.55058109E+01  0.92130152E+01
  0.55232676E+01  0.92177080E+01
  0.55407243E+01  0.92228413E+01
  0.55581811E+01  0.92283951E+01
  0.55756378E+01  0.92343454E+01
  0.55930945E+01  0.92406654E+01
  0.56105512E+01  0.92475489E+01
  0.56280080E+01  0.92549157E+01
  0.56454647E+01  0.92627046E+01
  0.56629214E+01  0.92709059E+01
  0.56803782E+01  0.92795100E+01
  0.56978349E+01  0.92885069E+01
  0.57152916E+01  0.92978865E+01
  0.57327484E+01  0.93076380E+01
  0.57502051E+01  0.93177508E+01
  0.57676618E+01  0.93282140E+01
  0.57851186E+01  0.93390164E+01
  0.58025753E+01  0.93501467E+01
  0.58200320E+01  0.93615936E+01
  0.58374887E+01  0.93733456E+01
  0.58549455E+01  0.93853910E+01
  0.58724022E+01  0.93977181E+01
  0.58898589E+01  0.94103154E+01
  0.59073157E+01  0.94231708E+01
  0.59247724E+01  0.94362726E+01
  0.59422291E+01  0.94496086E+01
  0.59596859E+01  0.94631667E+01
  0.59771426E+01  0.94769345E+01
  0.59945993E+01  0.94908991E+01
  0.60120560E+01  0.95050472E+01
  0.60295128E+01  0.95193647E+01
  0.60469695E+01  0.95338364E+01
  0.60644262E+01  0.95484451E+01
  0.60818830E+01  0.95631710E+01
  0.60993397E+01  0.95779898E+01
  0.61167964E+01  0.95928704E+01
  0.61342532E+01  0.96077696E+01
  0.61517099E+01  0.96226232E+01
  0.61691666E+01  0.96373284E+01
  0.61866234E+01  0.96517060E+01
  0.62040801E+01  0.96654206E+01
  0.62215368E+01  0.96778191E+01
  0.62389935E+01  0.96877463E+01
  0.62564503E+01  0.96939303E+01
  0.62739070E+01  0.96963664E+01
  0.62913637E+01  0.96963813E+01
  0.63088205E+01  0.96952182E+01
  0.63262772E+01  0.96935848E+01
  0.63437339E+01  0.96918432E+01
  0.63611907E+01  0.96901850E+01
  0.63786474E+01  0.96887192E+01
  0.63961041E+01  0.96875131E+01
  0.64135609E+01  0.96866112E+01
  0.64310176E+01  0.96860455E+01
  0.64484743E+01  0.96858401E+01
  0.64659310E+01  0.96860141E+01
  0.64833878E+01  0.96865839E+01
  0.65008445E+01  0.96875635E+01
  0.65183012E+01  0.96889655E+01
  0.65357580E+01  0.96908014E+01
  0.65532147E+01  0.96930821E+01
  0.65706714E+01  0.96958175E+01
  0.65881282E+01  0.96990173E+01
  0.66055849E+01  0.97026907E+01
  0.66230416E+01  0.97068462E+01
  0.66404983E+01  0.97114922E+01
  0.66579551E+01  0.97166363E+01
  0.66754118E+01  0.97222860E+01
  0.66928685E+01  0.97284478E+01
  0.67103253E+01  0.97351280E+01
  0.67277820E+01  0.97423322E+01
  0.67452387E+01  0.97500650E+01
  0.67626955E+01  0.97583306E+01
  0.67801522E+01  0.97671321E+01
  0.67976089E+01  0.97764719E+01
  0.68150657E+01  0.97863510E+01
  0.68325224E+01  0.97967698E+01
  0.68499791E+01  0.98077271E+01
  0.68674358E+01  0.98192207E+01
  0.68848926E+01  0.98312471E+01
  0.69023493E+01  0.98438012E+01
  0.69198060E+01  0.98568767E+01
  0.69372628E+01  0.98704654E+01
  0.69547195E+01  0.98845578E+01
  0.69721762E+01  0.98991427E+01
  0.69896330E+01  0.99142071E+01
  0.70070897E+01  0.99297363E+01
  0.70245464E+01  0.99457138E+01
  0.70420031E+01  0.99621212E+01
  0.70594599E+01  0.99789384E+01
  0.70769166E+01  0.99961435E+01
  0.70943733E+01  0.10013712E+02
  0.71118301E+01  0.10031620E+02
  0.71292868E+01  0.10049838E+02
  0.71467435E+01  0.10068337E+02
  0.71642003E+01  0.10087087E+02
  0.71816570E+01  0.10106055E+02
  0.71991137E+01  0.10125206E+02
  0.72165705E+01  0.10144504E+02
  0.72340272E+01  0.10163913E+02
  0.72514839E+01  0.10183392E+02
  0.72689406E+01  0.10202904E+02
  0.72863974E+01  0.10222405E+02
  0.73038541E+01  0.10241854E+02
  0.73213108E+01  0.10261208E+02
  0.73387676E+01  0.10280422E+02
  0.73562243E+01  0.10299454E+02
  0.73736810E+01  0.10318256E+02
  0.73911378E+01  0.10336785E+02
  0.74085945E+01  0.10354994E+02
  0.74260512E+01  0.10372839E+02
  0.74435080E+01  0.10390274E+02
  0.74609647E+01  0.10407255E+02
  0.74784214E+01  0.10423737E+02
  0.74958781E+01  0.10439676E+02
  0.75133349E+01  0.10455031E+02
  0.75307916E+01  0.10469759E+02
  0.75482483E+01  0.10483821E+02
  0.75657051E+01  0.10497176E+02
  0.75831618E+01  0.10509789E+02
  0.76006185E+01  0.10521622E+02
  0.76180753E+01  0.10532643E+02
  0.76355320E+01  0.10542819E+02
  0.76529887E+01  0.10552121E+02
  0.76704454E+01  0.10560521E+02
  0.76879022E+01  0.10567994E+02
  0.77053589E+01  0.10604893E+02
  0.77228156E+01  0.10649354E+02
  0.77402724E+01  0.10687968E+02
  0.77577291E+01  0.10719550E+02
  0.77751858E+01  0.10743014E+02
  0.77926426E+01  0.10757480E+02
  0.78100993E+01  0.10762369E+02
  
  0.00000000E+00  0.10028715E+02
  0.17404719E-01  0.10028378E+02
  0.34809439E-01  0.10027366E+02
  0.52214158E-01  0.10025679E+02
  0.69618877E-01  0.10023317E+02
  0.87023596E-01  0.10020280E+02
  0.10442832E+00  0.10016567E+02
  0.12183303E+00  0.10012178E+02
  0.13923775E+00  0.10007112E+02
  0.15664247E+00  0.10001371E+02
  0.17404719E+00  0.99949538E+01
  0.19145191E+00  0.99878625E+01
  0.20885663E+00  0.99800987E+01
  0.22626135E+00  0.99716652E+01
  0.24366607E+00  0.99625659E+01
  0.26107079E+00  0.99528066E+01
  0.27847551E+00  0.99423944E+01
  0.29588023E+00  0.99313391E+01
  0.31328495E+00  0.99196527E+01
  0.33068967E+00  0.99073504E+01
  0.34809439E+00  0.98944506E+01
  0.36549910E+00  0.98809759E+01
  0.38290382E+00  0.98669530E+01
  0.40030854E+00  0.98524134E+01
  0.41771326E+00  0.98373942E+01
  0.43511798E+00  0.98219379E+01
  0.45252270E+00  0.98060932E+01
  0.46992742E+00  0.97899155E+01
  0.48733214E+00  0.97734670E+01
  0.50473686E+00  0.97568170E+01
  0.52214158E+00  0.97400420E+01
  0.53954630E+00  0.97232262E+01
  0.55695102E+00  0.97064612E+01
  0.57435574E+00  0.96898460E+01
  0.59176045E+00  0.96734872E+01
  0.60916517E+00  0.96574982E+01
  0.62656989E+00  0.96419998E+01
  0.64397461E+00  0.96271192E+01
  0.66137933E+00  0.96129901E+01
  0.67878405E+00  0.96036843E+01
  0.69618877E+00  0.96254341E+01
  0.71359349E+00  0.96476801E+01
  0.73099821E+00  0.96704046E+01
  0.74840293E+00  0.96935886E+01
  0.76580765E+00  0.97172112E+01
  0.78321237E+00  0.97412499E+01
  0.80061709E+00  0.97656805E+01
  0.81802180E+00  0.97904771E+01
  0.83542652E+00  0.98156122E+01
  0.85283124E+00  0.98410568E+01
  0.87023596E+00  0.98667804E+01
  0.88764068E+00  0.98927513E+01
  0.90504540E+00  0.99189360E+01
  0.92245012E+00  0.99453001E+01
  0.93985484E+00  0.99718082E+01
  0.95725956E+00  0.99984236E+01
  0.97466428E+00  0.10025109E+02
  0.99206900E+00  0.10051826E+02
  0.10094737E+01  0.10078537E+02
  0.10268784E+01  0.10105201E+02
  0.10442832E+01  0.10131781E+02
  0.10616879E+01  0.10158235E+02
  0.10790926E+01  0.10184525E+02
  0.10964973E+01  0.10210611E+02
  0.11139020E+01  0.10236453E+02
  0.11313068E+01  0.10262015E+02
  0.11487115E+01  0.10287256E+02
  0.11661162E+01  0.10314736E+02
  0.11835209E+01  0.10408537E+02
  0.12009256E+01  0.10503812E+02
  0.12183303E+01  0.10511611E+02
  0.12357351E+01  0.10519018E+02
  0.12531398E+01  0.10526024E+02
  0.12705445E+01  0.10532625E+02
  0.12879492E+01  0.10538817E+02
  0.13053539E+01  0.10544599E+02
  0.13227587E+01  0.10549975E+02
  0.13401634E+01  0.10554948E+02
  0.13575681E+01  0.10559527E+02
  0.13749728E+01  0.10570779E+02
  0.13923775E+01  0.10588142E+02
  0.14097823E+01  0.10604754E+02
  0.14271870E+01  0.10620598E+02
  0.14445917E+01  0.10635658E+02
  0.14619964E+01  0.10649919E+02
  0.14794011E+01  0.10663370E+02
  0.14968059E+01  0.10675998E+02
  0.15142106E+01  0.10687794E+02
  0.15316153E+01  0.10698747E+02
  0.15490200E+01  0.10708849E+02
  0.15664247E+01  0.10718094E+02
  0.15838295E+01  0.10726475E+02
  0.16012342E+01  0.10733987E+02
  0.16186389E+01  0.10740625E+02
  0.16360436E+01  0.10746385E+02
  0.16534483E+01  0.10751264E+02
  0.16708530E+01  0.10755259E+02
  0.16882578E+01  0.10758369E+02
  0.17056625E+01  0.10760591E+02
  0.17230672E+01  0.10761925E+02
  0.17404719E+01  0.10762369E+02
  0.17578766E+01  0.10762398E+02
  0.17752814E+01  0.10762484E+02
  0.17926861E+01  0.10762625E+02
  0.18100908E+01  0.10762819E+02
  0.18274955E+01  0.10763060E+02
  0.18449002E+01  0.10763343E+02
  0.18623050E+01  0.10763665E+02
  0.18797097E+01  0.10764017E+02
  0.18971144E+01  0.10764394E+02
  0.19145191E+01  0.10764790E+02
  0.19319238E+01  0.10765198E+02
  0.19493286E+01  0.10765612E+02
  0.19667333E+01  0.10766025E+02
  0.19841380E+01  0.10766432E+02
  0.20015427E+01  0.10766828E+02
  0.20189474E+01  0.10767206E+02
  0.20363522E+01  0.10767561E+02
  0.20537569E+01  0.10767889E+02
  0.20711616E+01  0.10768185E+02
  0.20885663E+01  0.10768445E+02
  0.21059710E+01  0.10768665E+02
  0.21233757E+01  0.10768844E+02
  0.21407805E+01  0.10768978E+02
  0.21581852E+01  0.10769065E+02
  0.21755899E+01  0.10769105E+02
  0.21929946E+01  0.10769097E+02
  0.22103993E+01  0.10769041E+02
  0.22278041E+01  0.10768939E+02
  0.22452088E+01  0.10768792E+02
  0.22626135E+01  0.10768602E+02
  0.22800182E+01  0.10768372E+02
  0.22974229E+01  0.10768106E+02
  0.23148277E+01  0.10767809E+02
  0.23322324E+01  0.10767484E+02
  0.23496371E+01  0.10767137E+02
  0.23670418E+01  0.10766774E+02
  0.23844465E+01  0.10766401E+02
  0.24018513E+01  0.10766023E+02
  0.24192560E+01  0.10765646E+02
  0.24366607E+01  0.10765277E+02
  0.24540654E+01  0.10764922E+02
  0.24714701E+01  0.10764587E+02
  0.24888749E+01  0.10764276E+02
  0.25062796E+01  0.10763995E+02
  0.25236843E+01  0.10763749E+02
  0.25410890E+01  0.10763542E+02
  0.25584937E+01  0.10763377E+02
  0.25758984E+01  0.10763257E+02
  0.25933032E+01  0.10763184E+02
  0.26107079E+01  0.10763159E+02
  0.26280417E+01  0.10762671E+02
  0.26453755E+01  0.10761209E+02
  0.26627093E+01  0.10758785E+02
  0.26800431E+01  0.10755421E+02
  0.26973769E+01  0.10751142E+02
  0.27147107E+01  0.10745987E+02
  0.27320445E+01  0.10739998E+02
  0.27493783E+01  0.10733230E+02
  0.27667120E+01  0.10725743E+02
  0.27840458E+01  0.10717607E+02
  0.28013796E+01  0.10708901E+02
  0.28187134E+01  0.10699709E+02
  0.28360472E+01  0.10690127E+02
  0.28533810E+01  0.10680254E+02
  0.28707148E+01  0.10670196E+02
  0.28880486E+01  0.10660062E+02
  0.29053824E+01  0.10649967E+02
  0.29227162E+01  0.10640021E+02
  0.29400500E+01  0.10630334E+02
  0.29573838E+01  0.10621012E+02
  0.29747176E+01  0.10612148E+02
  0.29920514E+01  0.10603830E+02
  0.30093852E+01  0.10596129E+02
  0.30267190E+01  0.10589101E+02
  0.30440528E+01  0.10582787E+02
  0.30613866E+01  0.10577211E+02
  0.30787204E+01  0.10572383E+02
  0.30960542E+01  0.10568295E+02
  0.31133880E+01  0.10564930E+02
  0.31307218E+01  0.10562257E+02
  0.31480556E+01  0.10560239E+02
  0.31653894E+01  0.10558832E+02
  0.31827231E+01  0.10557988E+02
  0.32000569E+01  0.10557658E+02
  0.32173907E+01  0.10557788E+02
  0.32347245E+01  0.10558331E+02
  0.32520583E+01  0.10559236E+02
  0.32693921E+01  0.10560456E+02
  0.32867259E+01  0.10561948E+02
  0.33040597E+01  0.10563670E+02
  0.33213935E+01  0.10565583E+02
  0.33387273E+01  0.10567653E+02
  0.33560611E+01  0.10569846E+02
  0.33733949E+01  0.10572133E+02
  0.33907287E+01  0.10574487E+02
  0.34080625E+01  0.10576884E+02
  0.34253963E+01  0.10579302E+02
  0.34427301E+01  0.10581721E+02
  0.34600639E+01  0.10584124E+02
  0.34773977E+01  0.10586494E+02
  0.34947315E+01  0.10588818E+02
  0.35120653E+01  0.10591083E+02
  0.35293991E+01  0.10593278E+02
  0.35467329E+01  0.10595392E+02
  0.35640667E+01  0.10597419E+02
  0.35814005E+01  0.10599349E+02
  0.35987342E+01  0.10601177E+02
  0.36160680E+01  0.10602897E+02
  0.36334018E+01  0.10604504E+02
  0.36507356E+01  0.10605993E+02
  0.36680694E+01  0.10607362E+02
  0.36854032E+01  0.10608608E+02
  0.37027370E+01  0.10609728E+02
  0.37200708E+01  0.10610720E+02
  0.37374046E+01  0.10611582E+02
  0.37547384E+01  0.10612314E+02
  0.37720722E+01  0.10612914E+02
  0.37894060E+01  0.10613381E+02
  0.38067398E+01  0.10613716E+02
  0.38240736E+01  0.10613916E+02
  0.38414074E+01  0.10613983E+02
  0.38587326E+01  0.10613603E+02
  0.38760578E+01  0.10612461E+02
  0.38933830E+01  0.10610562E+02
  0.39107082E+01  0.10607908E+02
  0.39280334E+01  0.10604505E+02
  0.39453586E+01  0.10600361E+02
  0.39626838E+01  0.10595484E+02
  0.39800090E+01  0.10589885E+02
  0.39973342E+01  0.10583574E+02
  0.40146594E+01  0.10576566E+02
  0.40319847E+01  0.10568875E+02
  0.40493099E+01  0.10560517E+02
  0.40666351E+01  0.10551508E+02
  0.40839603E+01  0.10541870E+02
  0.41012855E+01  0.10531623E+02
  0.41186107E+01  0.10520789E+02
  0.41359359E+01  0.10509390E+02
  0.41532611E+01  0.10497450E+02
  0.41705863E+01  0.10484997E+02
  0.41879115E+01  0.10472057E+02
  0.42052367E+01  0.10458658E+02
  0.42225619E+01  0.10444830E+02
  0.42398871E+01  0.10430605E+02
  0.42572123E+01  0.10416013E+02
  0.42745375E+01  0.10401090E+02
  0.42918627E+01  0.10385870E+02
  0.43091879E+01  0.10370389E+02
  0.43265131E+01  0.10354684E+02
  0.43438384E+01  0.10338794E+02
  0.43611636E+01  0.10322759E+02
  0.43784888E+01  0.10306621E+02
  0.43958140E+01  0.10290422E+02
  0.44131392E+01  0.10274206E+02
  0.44304644E+01  0.10258019E+02
  0.44477896E+01  0.10241908E+02
  0.44651148E+01  0.10225920E+02
  0.44824400E+01  0.10210105E+02
  0.44997652E+01  0.10194513E+02
  0.45170904E+01  0.10179194E+02
  0.45344156E+01  0.10164202E+02
  0.45517408E+01  0.10149587E+02
  0.45690660E+01  0.10135403E+02
  0.45863912E+01  0.10121700E+02
  0.46037164E+01  0.10108529E+02
  0.46210416E+01  0.10095938E+02
  0.46383669E+01  0.10083974E+02
  0.46556921E+01  0.10072680E+02
  0.46730173E+01  0.10062095E+02
  0.46903425E+01  0.10052251E+02
  0.47076677E+01  0.10043175E+02
  0.47249929E+01  0.10034889E+02
  0.47423181E+01  0.10027405E+02
  0.47596433E+01  0.10020727E+02
  0.47769685E+01  0.10014852E+02
  0.47942937E+01  0.10009768E+02
  0.48116189E+01  0.10005456E+02
  0.48289441E+01  0.10001889E+02
  0.48462693E+01  0.99990344E+01
  0.48635945E+01  0.99968520E+01
  0.48809197E+01  0.99952987E+01
  0.48982449E+01  0.99943274E+01
  0.49155701E+01  0.99938883E+01
  0.49328954E+01  0.99939304E+01
  0.49502206E+01  0.99944017E+01
  0.49675458E+01  0.99952506E+01
  0.49848710E+01  0.99964261E+01
  0.50021962E+01  0.99978786E+01
  0.50195214E+01  0.99995602E+01
  0.50368466E+01  0.10001425E+02
  0.50541718E+01  0.10003429E+02
  0.50714970E+01  0.10005532E+02
  0.50888222E+01  0.10007695E+02
  0.51061474E+01  0.10009881E+02
  0.51234726E+01  0.10012058E+02
  0.51407978E+01  0.10014194E+02
  0.51581230E+01  0.10016260E+02
  0.51754482E+01  0.10018232E+02
  0.51927734E+01  0.10020085E+02
  0.52100986E+01  0.10021799E+02
  0.52274238E+01  0.10023354E+02
  0.52447491E+01  0.10024735E+02
  0.52620743E+01  0.10025926E+02
  0.52793995E+01  0.10026918E+02
  0.52967247E+01  0.10027699E+02
  0.53140499E+01  0.10028262E+02
  0.53313751E+01  0.10028602E+02
  0.53487003E+01  0.10028715E+02
  0.53661570E+01  0.10028488E+02
  0.53836138E+01  0.10027807E+02
  0.54010705E+01  0.10026675E+02
  0.54185272E+01  0.10025095E+02
  0.54359839E+01  0.10023072E+02
  0.54534407E+01  0.10020613E+02
  0.54708974E+01  0.10017726E+02
  0.54883541E+01  0.10014420E+02
  0.55058109E+01  0.10010705E+02
  0.55232676E+01  0.10006594E+02
  0.55407243E+01  0.10002098E+02
  0.55581811E+01  0.99972335E+01
  0.55756378E+01  0.99920141E+01
  0.55930945E+01  0.99864562E+01
  0.56105512E+01  0.99805770E+01
  0.56280080E+01  0.99743942E+01
  0.56454647E+01  0.99679267E+01
  0.56629214E+01  0.99611935E+01
  0.56803782E+01  0.99542147E+01
  0.56978349E+01  0.99470106E+01
  0.57152916E+01  0.99396020E+01
  0.57327484E+01  0.99320100E+01
  0.57502051E+01  0.99242561E+01
  0.57676618E+01  0.99163619E+01
  0.57851186E+01  0.99083489E+01
  0.58025753E+01  0.99002390E+01
  0.58200320E+01  0.98920538E+01
  0.58374887E+01  0.98838149E+01
  0.58549455E+01  0.98755438E+01
  0.58724022E+01  0.98672617E+01
  0.58898589E+01  0.98589897E+01
  0.59073157E+01  0.98507485E+01
  0.59247724E+01  0.98425588E+01
  0.59422291E+01  0.98344407E+01
  0.59596859E+01  0.98264144E+01
  0.59771426E+01  0.98184999E+01
  0.59945993E+01  0.98107169E+01
  0.60120560E+01  0.98030857E+01
  0.60295128E+01  0.97956266E+01
  0.60469695E+01  0.97883609E+01
  0.60644262E+01  0.97813112E+01
  0.60818830E+01  0.97745026E+01
  0.60993397E+01  0.97679642E+01
  0.61167964E+01  0.97617317E+01
  0.61342532E+01  0.97558526E+01
  0.61517099E+01  0.97503948E+01
  0.61691666E+01  0.97454651E+01
  0.61866234E+01  0.97412460E+01
  0.62040801E+01  0.97380763E+01
  0.62215368E+01  0.97366120E+01
  0.62389935E+01  0.97380114E+01
  0.62564503E+01  0.97435492E+01
  0.62739070E+01  0.97532327E+01
  0.62913637E+01  0.97657382E+01
  0.63088205E+01  0.97798249E+01
  0.63262772E+01  0.97947877E+01
  0.63437339E+01  0.98102673E+01
  0.63611907E+01  0.98260746E+01
  0.63786474E+01  0.98421032E+01
  0.63961041E+01  0.98582887E+01
  0.64135609E+01  0.98745892E+01
  0.64310176E+01  0.98909756E+01
  0.64484743E+01  0.99074266E+01
  0.64659310E+01  0.99239258E+01
  0.64833878E+01  0.99404600E+01
  0.65008445E+01  0.99570178E+01
  0.65183012E+01  0.99735896E+01
  0.65357580E+01  0.99901667E+01
  0.65532147E+01  0.10006741E+02
  0.65706714E+01  0.10023305E+02
  0.65881282E+01  0.10039851E+02
  0.66055849E+01  0.10056373E+02
  0.66230416E+01  0.10072864E+02
  0.66404983E+01  0.10089317E+02
  0.66579551E+01  0.10105725E+02
  0.66754118E+01  0.10122082E+02
  0.66928685E+01  0.10138382E+02
  0.67103253E+01  0.10154617E+02
  0.67277820E+01  0.10170781E+02
  0.67452387E+01  0.10186868E+02
  0.67626955E+01  0.10202870E+02
  0.67801522E+01  0.10218781E+02
  0.67976089E+01  0.10234594E+02
  0.68150657E+01  0.10250301E+02
  0.68325224E+01  0.10265896E+02
  0.68499791E+01  0.10281372E+02
  0.68674358E+01  0.10296721E+02
  0.68848926E+01  0.10311936E+02
  0.69023493E+01  0.10327010E+02
  0.69198060E+01  0.10341935E+02
  0.69372628E+01  0.10356705E+02
  0.69547195E+01  0.10371311E+02
  0.69721762E+01  0.10385746E+02
  0.69896330E+01  0.10400004E+02
  0.70070897E+01  0.10414076E+02
  0.70245464E+01  0.10427955E+02
  0.70420031E+01  0.10441634E+02
  0.70594599E+01  0.10455106E+02
  0.70769166E+01  0.10468364E+02
  0.70943733E+01  0.10481401E+02
  0.71118301E+01  0.10494209E+02
  0.71292868E+01  0.10506782E+02
  0.71467435E+01  0.10519114E+02
  0.71642003E+01  0.10531197E+02
  0.71816570E+01  0.10543026E+02
  0.71991137E+01  0.10554593E+02
  0.72165705E+01  0.10565894E+02
  0.72340272E+01  0.10576923E+02
  0.72514839E+01  0.10587673E+02
  0.72689406E+01  0.10598139E+02
  0.72863974E+01  0.10608317E+02
  0.73038541E+01  0.10618200E+02
  0.73213108E+01  0.10627784E+02
  0.73387676E+01  0.10637065E+02
  0.73562243E+01  0.10646038E+02
  0.73736810E+01  0.10654700E+02
  0.73911378E+01  0.10663045E+02
  0.74085945E+01  0.10671071E+02
  0.74260512E+01  0.10678773E+02
  0.74435080E+01  0.10686150E+02
  0.74609647E+01  0.10693197E+02
  0.74784214E+01  0.10699912E+02
  0.74958781E+01  0.10706292E+02
  0.75133349E+01  0.10712336E+02
  0.75307916E+01  0.10718040E+02
  0.75482483E+01  0.10723403E+02
  0.75657051E+01  0.10728424E+02
  0.75831618E+01  0.10733101E+02
  0.76006185E+01  0.10737433E+02
  0.76180753E+01  0.10741419E+02
  0.76355320E+01  0.10745058E+02
  0.76529887E+01  0.10748350E+02
  0.76704454E+01  0.10751295E+02
  0.76879022E+01  0.10753893E+02
  0.77053589E+01  0.10756143E+02
  0.77228156E+01  0.10758047E+02
  0.77402724E+01  0.10759603E+02
  0.77577291E+01  0.10760814E+02
  0.77751858E+01  0.10761678E+02
  0.77926426E+01  0.10762196E+02
  0.78100993E+01  0.10762369E+02
  
  0.00000000E+00  0.10028715E+02
  0.17404719E-01  0.10028823E+02
  0.34809439E-01  0.10029144E+02
  0.52214158E-01  0.10029680E+02
  0.69618877E-01  0.10030430E+02
  0.87023596E-01  0.10031393E+02
  0.10442832E+00  0.10032568E+02
  0.12183303E+00  0.10033955E+02
  0.13923775E+00  0.10035552E+02
  0.15664247E+00  0.10037360E+02
  0.17404719E+00  0.10039377E+02
  0.19145191E+00  0.10041602E+02
  0.20885663E+00  0.10044035E+02
  0.22626135E+00  0.10046676E+02
  0.24366607E+00  0.10049524E+02
  0.26107079E+00  0.10052581E+02
  0.27847551E+00  0.10055845E+02
  0.29588023E+00  0.10059320E+02
  0.31328495E+00  0.10063006E+02
  0.33068967E+00  0.10066904E+02
  0.34809439E+00  0.10071018E+02
  0.36549910E+00  0.10075350E+02
  0.38290382E+00  0.10079903E+02
  0.40030854E+00  0.10084681E+02
  0.41771326E+00  0.10089687E+02
  0.43511798E+00  0.10094926E+02
  0.45252270E+00  0.10100403E+02
  0.46992742E+00  0.10106121E+02
  0.48733214E+00  0.10112085E+02
  0.50473686E+00  0.10118301E+02
  0.52214158E+00  0.10124771E+02
  0.53954630E+00  0.10131501E+02
  0.55695102E+00  0.10138493E+02
  0.57435574E+00  0.10145751E+02
  0.59176045E+00  0.10153277E+02
  0.60916517E+00  0.10161073E+02
  0.62656989E+00  0.10169138E+02
  0.64397461E+00  0.10177472E+02
  0.66137933E+00  0.10186073E+02
  0.67878405E+00  0.10194937E+02
  0.69618877E+00  0.10204061E+02
  0.71359349E+00  0.10213436E+02
  0.73099821E+00  0.10223056E+02
  0.74840293E+00  0.10232910E+02
  0.76580765E+00  0.10242987E+02
  0.78321237E+00  0.10253273E+02
  0.80061709E+00  0.10263753E+02
  0.81802180E+00  0.10274409E+02
  0.83542652E+00  0.10285224E+02
  0.85283124E+00  0.10296176E+02
  0.87023596E+00  0.10307244E+02
  0.88764068E+00  0.10318403E+02
  0.90504540E+00  0.10329629E+02
  0.92245012E+00  0.10340896E+02
  0.93985484E+00  0.10352176E+02
  0.95725956E+00  0.10363442E+02
  0.97466428E+00  0.10374664E+02
  0.99206900E+00  0.10385813E+02
  0.10094737E+01  0.10396861E+02
  0.10268784E+01  0.10407777E+02
  0.10442832E+01  0.10418533E+02
  0.10616879E+01  0.10429101E+02
  0.10790926E+01  0.10439452E+02
  0.10964973E+01  0.10449560E+02
  0.11139020E+01  0.10459401E+02
  0.11313068E+01  0.10468949E+02
  0.11487115E+01  0.10478183E+02
  0.11661162E+01  0.10487084E+02
  0.11835209E+01  0.10495632E+02
  0.12009256E+01  0.10508439E+02
  0.12183303E+01  0.10614278E+02
  0.12357351E+01  0.10725815E+02
  0.12531398E+01  0.10842730E+02
  0.12705445E+01  0.10964630E+02
  0.12879492E+01  0.11091046E+02
  0.13053539E+01  0.11221441E+02
  0.13227587E+01  0.11355221E+02
  0.13401634E+01  0.11491735E+02
  0.13575681E+01  0.11630287E+02
  0.13749728E+01  0.11770144E+02
  0.13923775E+01  0.11910544E+02
  0.14097823E+01  0.12050702E+02
  0.14271870E+01  0.12189821E+02
  0.14445917E+01  0.12327096E+02
  0.14619964E+01  0.12461723E+02
  0.14794011E+01  0.12592905E+02
  0.14968059E+01  0.12719857E+02
  0.15142106E+01  0.12841816E+02
  0.15316153E+01  0.12958042E+02
  0.15490200E+01  0.13067827E+02
  0.15664247E+01  0.13170499E+02
  0.15838295E+01  0.13265425E+02
  0.16012342E+01  0.13352018E+02
  0.16186389E+01  0.13429743E+02
  0.16360436E+01  0.13498116E+02
  0.16534483E+01  0.13556711E+02
  0.16708530E+01  0.13605161E+02
  0.16882578E+01  0.13643163E+02
  0.17056625E+01  0.13670479E+02
  0.17230672E+01  0.13686938E+02
  0.17404719E+01  0.13692436E+02
  0.17578766E+01  0.13700279E+02
  0.17752814E+01  0.13723611E+02
  0.17926861E+01  0.13761870E+02
  0.18100908E+01  0.13814192E+02
  0.18274955E+01  0.13879500E+02
  0.18449002E+01  0.13956600E+02
  0.18623050E+01  0.14044257E+02
  0.18797097E+01  0.14141261E+02
  0.18971144E+01  0.14246466E+02
  0.19145191E+01  0.14358807E+02
  0.19319238E+01  0.14477314E+02
  0.19493286E+01  0.14601106E+02
  0.19667333E+01  0.14729385E+02
  0.19841380E+01  0.14861431E+02
  0.20015427E+01  0.14996586E+02
  0.20189474E+01  0.15134249E+02
  0.20363522E+01  0.15273863E+02
  0.20537569E+01  0.15414913E+02
  0.20711616E+01  0.15556915E+02
  0.20885663E+01  0.15699410E+02
  0.21059710E+01  0.15841962E+02
  0.21233757E+01  0.15984152E+02
  0.21407805E+01  0.16125577E+02
  0.21581852E+01  0.16265846E+02
  0.21755899E+01  0.16404577E+02
  0.21929946E+01  0.16541398E+02
  0.22103993E+01  0.16675946E+02
  0.22278041E+01  0.16807863E+02
  0.22452088E+01  0.16936800E+02
  0.22626135E+01  0.17062414E+02
  0.22800182E+01  0.17184370E+02
  0.22974229E+01  0.17302338E+02
  0.23148277E+01  0.17415998E+02
  0.23322324E+01  0.17525038E+02
  0.23496371E+01  0.17629157E+02
  0.23670418E+01  0.17728063E+02
  0.23844465E+01  0.17821475E+02
  0.24018513E+01  0.17909125E+02
  0.24192560E+01  0.17990759E+02
  0.24366607E+01  0.18066140E+02
  0.24540654E+01  0.18135043E+02
  0.24714701E+01  0.18197262E+02
  0.24888749E+01  0.18252611E+02
  0.25062796E+01  0.18300921E+02
  0.25236843E+01  0.18342045E+02
  0.25410890E+01  0.18375856E+02
  0.25584937E+01  0.18402249E+02
  0.25758984E+01  0.18421142E+02
  0.25933032E+01  0.18432477E+02
  0.26107079E+01  0.18436219E+02
  0.26280417E+01  0.18430096E+02
  0.26453755E+01  0.18411757E+02
  0.26627093E+01  0.18381296E+02
  0.26800431E+01  0.18338865E+02
  0.26973769E+01  0.18284680E+02
  0.27147107E+01  0.18219011E+02
  0.27320445E+01  0.18142189E+02
  0.27493783E+01  0.18054595E+02
  0.27667120E+01  0.17956664E+02
  0.27840458E+01  0.17848880E+02
  0.28013796E+01  0.17731771E+02
  0.28187134E+01  0.17605906E+02
  0.28360472E+01  0.17471892E+02
  0.28533810E+01  0.17330369E+02
  0.28707148E+01  0.17182005E+02
  0.28880486E+01  0.17027491E+02
  0.29053824E+01  0.16867536E+02
  0.29227162E+01  0.16702865E+02
  0.29400500E+01  0.16534208E+02
  0.29573838E+01  0.16362299E+02
  0.29747176E+01  0.16187868E+02
  0.29920514E+01  0.16011637E+02
  0.30093852E+01  0.15834317E+02
  0.30267190E+01  0.15656595E+02
  0.30440528E+01  0.15479138E+02
  0.30613866E+01  0.15302583E+02
  0.30787204E+01  0.15127533E+02
  0.30960542E+01  0.14954554E+02
  0.31133880E+01  0.14784169E+02
  0.31307218E+01  0.14616858E+02
  0.31480556E+01  0.14453054E+02
  0.31653894E+01  0.14293137E+02
  0.31827231E+01  0.14137440E+02
  0.32000569E+01  0.13986240E+02
  0.32173907E+01  0.13839766E+02
  0.32347245E+01  0.13698192E+02
  0.32520583E+01  0.13561642E+02
  0.32693921E+01  0.13430193E+02
  0.32867259E+01  0.13303875E+02
  0.33040597E+01  0.13182675E+02
  0.33213935E+01  0.13066539E+02
  0.33387273E+01  0.12955380E+02
  0.33560611E+01  0.12849075E+02
  0.33733949E+01  0.12747478E+02
  0.33907287E+01  0.12650415E+02
  0.34080625E+01  0.12557696E+02
  0.34253963E+01  0.12469116E+02
  0.34427301E+01  0.12384456E+02
  0.34600639E+01  0.12303495E+02
  0.34773977E+01  0.12226007E+02
  0.34947315E+01  0.12151765E+02
  0.35120653E+01  0.12080550E+02
  0.35293991E+01  0.12012149E+02
  0.35467329E+01  0.11946359E+02
  0.35640667E+01  0.11882993E+02
  0.35814005E+01  0.11821884E+02
  0.35987342E+01  0.11762886E+02
  0.36160680E+01  0.11705882E+02
  0.36334018E+01  0.11650787E+02
  0.36507356E+01  0.11597561E+02
  0.36680694E+01  0.11546218E+02
  0.36854032E+01  0.11496835E+02
  0.37027370E+01  0.11449582E+02
  0.37200708E+01  0.11404740E+02
  0.37374046E+01  0.11362740E+02
  0.37547384E+01  0.11324206E+02
  0.37720722E+01  0.11289995E+02
  0.37894060E+01  0.11261218E+02
  0.38067398E+01  0.11239191E+02
  0.38240736E+01  0.11225260E+02
  0.38414074E+01  0.11220482E+02
  0.38587326E+01  0.11215778E+02
  0.38760578E+01  0.11201703E+02
  0.38933830E+01  0.11178366E+02
  0.39107082E+01  0.11145949E+02
  0.39280334E+01  0.11104706E+02
  0.39453586E+01  0.11054961E+02
  0.39626838E+01  0.10997111E+02
  0.39800090E+01  0.10931621E+02
  0.39973342E+01  0.10859024E+02
  0.40146594E+01  0.10779922E+02
  0.40319847E+01  0.10694981E+02
  0.40493099E+01  0.10604930E+02
  0.40666351E+01  0.10551510E+02
  0.40839603E+01  0.10541873E+02
  0.41012855E+01  0.10531626E+02
  0.41186107E+01  0.10520792E+02
  0.41359359E+01  0.10509393E+02
  0.41532611E+01  0.10497454E+02
  0.41705863E+01  0.10485001E+02
  0.41879115E+01  0.10472061E+02
  0.42052367E+01  0.10458663E+02
  0.42225619E+01  0.10444835E+02
  0.42398871E+01  0.10430610E+02
  0.42572123E+01  0.10416019E+02
  0.42745375E+01  0.10401096E+02
  0.42918627E+01  0.10385876E+02
  0.43091879E+01  0.10370394E+02
  0.43265131E+01  0.10354689E+02
  0.43438384E+01  0.10338800E+02
  0.43611636E+01  0.10322765E+02
  0.43784888E+01  0.10306626E+02
  0.43958140E+01  0.10290427E+02
  0.44131392E+01  0.10274211E+02
  0.44304644E+01  0.10258024E+02
  0.44477896E+01  0.10241913E+02
  0.44651148E+01  0.10225924E+02
  0.44824400E+01  0.10210109E+02
  0.44997652E+01  0.10194516E+02
  0.45170904E+01  0.10179197E+02
  0.45344156E+01  0.10164204E+02
  0.45517408E+01  0.10149589E+02
  0.45690660E+01  0.10135404E+02
  0.45863912E+01  0.10121700E+02
  0.46037164E+01  0.10108529E+02
  0.46210416E+01  0.10095939E+02
  0.46383669E+01  0.10083976E+02
  0.46556921E+01  0.10072683E+02
  0.46730173E+01  0.10062098E+02
  0.46903425E+01  0.10052255E+02
  0.47076677E+01  0.10043181E+02
  0.47249929E+01  0.10034895E+02
  0.47423181E+01  0.10027411E+02
  0.47596433E+01  0.10020734E+02
  0.47769685E+01  0.10014860E+02
  0.47942937E+01  0.10009777E+02
  0.48116189E+01  0.10005465E+02
  0.48289441E+01  0.10001899E+02
  0.48462693E+01  0.99990444E+01
  0.48635945E+01  0.99968623E+01
  0.48809197E+01  0.99953092E+01
  0.48982449E+01  0.99943380E+01
  0.49155701E+01  0.99938990E+01
  0.49328954E+01  0.99939410E+01
  0.49502206E+01  0.99944122E+01
  0.49675458E+01  0.99952608E+01
  0.49848710E+01  0.99964360E+01
  0.50021962E+01  0.99978881E+01
  0.50195214E+01  0.99995692E+01
  0.50368466E+01  0.10001433E+02
  0.50541718E+01  0.10003437E+02
  0.50714970E+01  0.10005540E+02
  0.50888222E+01  0.10007702E+02
  0.51061474E+01  0.10009887E+02
  0.51234726E+01  0.10012063E+02
  0.51407978E+01  0.10014199E+02
  0.51581230E+01  0.10016265E+02
  0.51754482E+01  0.10018236E+02
  0.51927734E+01  0.10020088E+02
  0.52100986E+01  0.10021801E+02
  0.52274238E+01  0.10023356E+02
  0.52447491E+01  0.10024736E+02
  0.52620743E+01  0.10025927E+02
  0.52793995E+01  0.10026918E+02
  0.52967247E+01  0.10027699E+02
  0.53140499E+01  0.10028262E+02
  0.53313751E+01  0.10028602E+02
  0.53487003E+01  0.10028715E+02
  0.53661570E+01  0.10028712E+02
  0.53836138E+01  0.10028701E+02
  0.54010705E+01  0.10028687E+02
  0.54185272E+01  0.10028673E+02
  0.54359839E+01  0.10028665E+02
  0.54534407E+01  0.10028673E+02
  0.54708974E+01  0.10028707E+02
  0.54883541E+01  0.10028781E+02
  0.55058109E+01  0.10028909E+02
  0.55232676E+01  0.10029112E+02
  0.55407243E+01  0.10029411E+02
  0.55581811E+01  0.10029834E+02
  0.55756378E+01  0.10030410E+02
  0.55930945E+01  0.10031175E+02
  0.56105512E+01  0.10032169E+02
  0.56280080E+01  0.10033438E+02
  0.56454647E+01  0.10035033E+02
  0.56629214E+01  0.10037013E+02
  0.56803782E+01  0.10039443E+02
  0.56978349E+01  0.10042393E+02
  0.57152916E+01  0.10045942E+02
  0.57327484E+01  0.10050174E+02
  0.57502051E+01  0.10055179E+02
  0.57676618E+01  0.10061052E+02
  0.57851186E+01  0.10067892E+02
  0.58025753E+01  0.10075798E+02
  0.58200320E+01  0.10084872E+02
  0.58374887E+01  0.10095211E+02
  0.58549455E+01  0.10106908E+02
  0.58724022E+01  0.10120048E+02
  0.58898589E+01  0.10134707E+02
  0.59073157E+01  0.10150947E+02
  0.59247724E+01  0.10168820E+02
  0.59422291E+01  0.10188360E+02
  0.59596859E+01  0.10209588E+02
  0.59771426E+01  0.10232510E+02
  0.59945993E+01  0.10257119E+02
  0.60120560E+01  0.10283393E+02
  0.60295128E+01  0.10311303E+02
  0.60469695E+01  0.10340808E+02
  0.60644262E+01  0.10371862E+02
  0.60818830E+01  0.10404412E+02
  0.60993397E+01  0.10438403E+02
  0.61167964E+01  0.10473777E+02
  0.61342532E+01  0.10510479E+02
  0.61517099E+01  0.10548452E+02
  0.61691666E+01  0.10587645E+02
  0.61866234E+01  0.10628009E+02
  0.62040801E+01  0.10669505E+02
  0.62215368E+01  0.10712098E+02
  0.62389935E+01  0.10755766E+02
  0.62564503E+01  0.10800497E+02
  0.62739070E+01  0.10846292E+02
  0.62913637E+01  0.10893168E+02
  0.63088205E+01  0.10941160E+02
  0.63262772E+01  0.10990320E+02
  0.63437339E+01  0.11040723E+02
  0.63611907E+01  0.11092471E+02
  0.63786474E+01  0.11145686E+02
  0.63961041E+01  0.11200524E+02
  0.64135609E+01  0.11257166E+02
  0.64310176E+01  0.11315829E+02
  0.64484743E+01  0.11376757E+02
  0.64659310E+01  0.11440231E+02
  0.64833878E+01  0.11506557E+02
  0.65008445E+01  0.11576072E+02
  0.65183012E+01  0.11649136E+02
  0.65357580E+01  0.11726122E+02
  0.65532147E+01  0.11807413E+02
  0.65706714E+01  0.11893384E+02
  0.65881282E+01  0.11984391E+02
  0.66055849E+01  0.12080754E+02
  0.66230416E+01  0.12182740E+02
  0.66404983E+01  0.12290544E+02
  0.66579551E+01  0.12404277E+02
  0.66754118E+01  0.12523946E+02
  0.66928685E+01  0.12649450E+02
  0.67103253E+01  0.12780572E+02
  0.67277820E+01  0.12916981E+02
  0.67452387E+01  0.13058236E+02
  0.67626955E+01  0.13203797E+02
  0.67801522E+01  0.13353037E+02
  0.67976089E+01  0.13505257E+02
  0.68150657E+01  0.13659701E+02
  0.68325224E+01  0.13815575E+02
  0.68499791E+01  0.13972056E+02
  0.68674358E+01  0.14128312E+02
  0.68848926E+01  0.14283509E+02
  0.69023493E+01  0.14436821E+02
  0.69198060E+01  0.14587444E+02
  0.69372628E+01  0.14734595E+02
  0.69547195E+01  0.14877523E+02
  0.69721762E+01  0.15015513E+02
  0.69896330E+01  0.15147888E+02
  0.70070897E+01  0.15274013E+02
  0.70245464E+01  0.15393299E+02
  0.70420031E+01  0.15505201E+02
  0.70594599E+01  0.15609225E+02
  0.70769166E+01  0.15704925E+02
  0.70943733E+01  0.15791907E+02
  0.71118301E+01  0.15869825E+02
  0.71292868E+01  0.15938390E+02
  0.71467435E+01  0.15997362E+02
  0.71642003E+01  0.16046555E+02
  0.71816570E+01  0.16085835E+02
  0.71991137E+01  0.16115121E+02
  0.72165705E+01  0.16134385E+02
  0.72340272E+01  0.16143648E+02
  0.72514839E+01  0.16142985E+02
  0.72689406E+01  0.16132518E+02
  0.72863974E+01  0.16112420E+02
  0.73038541E+01  0.16082911E+02
  0.73213108E+01  0.16044257E+02
  0.73387676E+01  0.15996772E+02
  0.73562243E+01  0.15940810E+02
  0.73736810E+01  0.15876771E+02
  0.73911378E+01  0.15805094E+02
  0.74085945E+01  0.15726259E+02
  0.74260512E+01  0.15640786E+02
  0.74435080E+01  0.15549232E+02
  0.74609647E+01  0.15452193E+02
  0.74784214E+01  0.15350301E+02
  0.74958781E+01  0.15244227E+02
  0.75133349E+01  0.15134684E+02
  0.75307916E+01  0.15022424E+02
  0.75482483E+01  0.14908245E+02
  0.75657051E+01  0.14792991E+02
  0.75831618E+01  0.14677564E+02
  0.76006185E+01  0.14562924E+02
  0.76180753E+01  0.14450098E+02
  0.76355320E+01  0.14340191E+02
  0.76529887E+01  0.14234387E+02
  0.76704454E+01  0.14133959E+02
  0.76879022E+01  0.14040267E+02
  0.77053589E+01  0.13954745E+02
  0.77228156E+01  0.13878879E+02
  0.77402724E+01  0.13814161E+02
  0.77577291E+01  0.13762020E+02
  0.77751858E+01  0.13723733E+02
  0.77926426E+01  0.13700318E+02
  0.78100993E+01  0.13692436E+02
  
